 0.00000000e+00  6.00000000e-01  0.00000000e+00  6.00000000e-01  0.00000000e+00  6.00000000e-01  0.00000000e+00  6.00000000e-01 
 1.00000000e-07  6.00031416e-01  1.00000000e-07  6.00000048e-01  1.00000000e-07  6.00000001e-01  1.00000000e-07  6.00076565e-01 
 2.00000000e-07  6.00062832e-01  2.00000000e-07  6.00000143e-01  2.00000000e-07  6.00000002e-01  2.00000000e-07  6.00153070e-01 
 4.00000000e-07  6.00125664e-01  4.00000000e-07  6.00000430e-01  4.00000000e-07  6.00000005e-01  4.00000000e-07  6.00305961e-01 
 8.00000000e-07  6.00251326e-01  8.00000000e-07  6.00001574e-01  8.00000000e-07  6.00000019e-01  8.00000000e-07  6.00611027e-01 
 1.60000000e-06  6.00502646e-01  1.60000000e-06  6.00006127e-01  1.60000000e-06  6.00000083e-01  1.60000000e-06  6.01218293e-01 
 3.20000000e-06  6.01005242e-01  3.20000000e-06  6.00024171e-01  3.20000000e-06  6.00000414e-01  3.20000000e-06  6.02421332e-01 
 6.40000000e-06  6.02010077e-01  6.40000000e-06  6.00094981e-01  6.40000000e-06  6.00002298e-01  6.40000000e-06  6.04781248e-01 
 1.28000000e-05  6.04016905e-01  1.28000000e-05  6.00367478e-01  1.28000000e-05  6.00014030e-01  1.28000000e-05  6.09315307e-01 
 2.28000000e-05  6.07138357e-01  2.28000000e-05  6.01108436e-01  2.28000000e-05  6.00065474e-01  2.28000000e-05  6.15900779e-01 
 3.28000000e-05  6.10231636e-01  3.28000000e-05  6.02183991e-01  3.28000000e-05  6.00172507e-01  3.28000000e-05  6.21875265e-01 
 4.28000000e-05  6.13284536e-01  4.28000000e-05  6.03536615e-01  4.28000000e-05  6.00349813e-01  4.28000000e-05  6.27243692e-01 
 5.28000000e-05  6.16285009e-01  5.28000000e-05  6.05112804e-01  5.28000000e-05  6.00607803e-01  5.28000000e-05  6.32016783e-01 
 6.28000000e-05  6.19221211e-01  6.28000000e-05  6.06863153e-01  6.28000000e-05  6.00953130e-01  6.28000000e-05  6.36209844e-01 
 7.28000000e-05  6.22081556e-01  7.28000000e-05  6.08742339e-01  7.28000000e-05  6.01389175e-01  7.28000000e-05  6.39841716e-01 
 8.28000000e-05  6.24854756e-01  8.28000000e-05  6.10709063e-01  8.28000000e-05  6.01916497e-01  8.28000000e-05  6.42933883e-01 
 9.28000000e-05  6.27529865e-01  9.28000000e-05  6.12725934e-01  9.28000000e-05  6.02533253e-01  9.28000000e-05  6.45509700e-01 
 1.02800000e-04  6.30096326e-01  1.02800000e-04  6.14759325e-01  1.02800000e-04  6.03235578e-01  1.02800000e-04  6.47593760e-01 
 1.12800000e-04  6.32544011e-01  1.12800000e-04  6.16779194e-01  1.12800000e-04  6.04017936e-01  1.12800000e-04  6.49211359e-01 
 1.22800000e-04  6.34863260e-01  1.22800000e-04  6.18758900e-01  1.22800000e-04  6.04873435e-01  1.22800000e-04  6.50388070e-01 
 1.32800000e-04  6.37044919e-01  1.32800000e-04  6.20674990e-01  1.32800000e-04  6.05794113e-01  1.32800000e-04  6.51149394e-01 
 1.42800000e-04  6.39080379e-01  1.42800000e-04  6.22506999e-01  1.42800000e-04  6.06771189e-01  1.42800000e-04  6.51520494e-01 
 1.52800000e-04  6.40961606e-01  1.52800000e-04  6.24237229e-01  1.52800000e-04  6.07795290e-01  1.52800000e-04  6.51525988e-01 
 1.62800000e-04  6.42681177e-01  1.62800000e-04  6.25850550e-01  1.62800000e-04  6.08856647e-01  1.62800000e-04  6.51189808e-01 
 1.72800000e-04  6.44232304e-01  1.72800000e-04  6.27334189e-01  1.72800000e-04  6.09945272e-01  1.72800000e-04  6.50535097e-01 
 1.82800000e-04  6.45608867e-01  1.82800000e-04  6.28677542e-01  1.82800000e-04  6.11051105e-01  1.82800000e-04  6.49584151e-01 
 1.92800000e-04  6.46805433e-01  1.92800000e-04  6.29871980e-01  1.92800000e-04  6.12164144e-01  1.92800000e-04  6.48358390e-01 
 2.02800000e-04  6.47817278e-01  2.02800000e-04  6.30910681e-01  2.02800000e-04  6.13274556e-01  2.02800000e-04  6.46878360e-01 
 2.12800000e-04  6.48640411e-01  2.12800000e-04  6.31788462e-01  2.12800000e-04  6.14372769e-01  2.12800000e-04  6.45163754e-01 
 2.22800000e-04  6.49271583e-01  2.22800000e-04  6.32501628e-01  2.22800000e-04  6.15449552e-01  2.22800000e-04  6.43233444e-01 
 2.32800000e-04  6.49708302e-01  2.32800000e-04  6.33047832e-01  2.32800000e-04  6.16496079e-01  2.32800000e-04  6.41105531e-01 
 2.42800000e-04  6.49948845e-01  2.42800000e-04  6.33425947e-01  2.42800000e-04  6.17503977e-01  2.42800000e-04  6.38797399e-01 
 2.52800000e-04  6.49992262e-01  2.52800000e-04  6.33635948e-01  2.52800000e-04  6.18465374e-01  2.52800000e-04  6.36325776e-01 
 2.62800000e-04  6.49838384e-01  2.62800000e-04  6.33678808e-01  2.62800000e-04  6.19372925e-01  2.62800000e-04  6.33706790e-01 
 2.72800000e-04  6.49487815e-01  2.72800000e-04  6.33556399e-01  2.72800000e-04  6.20219840e-01  2.72800000e-04  6.30956034e-01 
 2.82800000e-04  6.48941941e-01  2.82800000e-04  6.33271408e-01  2.82800000e-04  6.20999900e-01  2.82800000e-04  6.28088624e-01 
 2.92800000e-04  6.48202916e-01  2.92800000e-04  6.32827259e-01  2.92800000e-04  6.21707468e-01  2.92800000e-04  6.25119252e-01 
 3.02800000e-04  6.47273655e-01  3.02800000e-04  6.32228043e-01  3.02800000e-04  6.22337493e-01  3.02800000e-04  6.22062234e-01 
 3.12800000e-04  6.46157828e-01  3.12800000e-04  6.31478454e-01  3.12800000e-04  6.22885516e-01  3.12800000e-04  6.18931560e-01 
 3.22800000e-04  6.44859836e-01  3.22800000e-04  6.30583737e-01  3.22800000e-04  6.23347664e-01  3.22800000e-04  6.15740926e-01 
 3.32800000e-04  6.43384803e-01  3.32800000e-04  6.29549633e-01  3.32800000e-04  6.23720647e-01  3.32800000e-04  6.12503770e-01 
 3.42800000e-04  6.41738550e-01  3.42800000e-04  6.28382335e-01  3.42800000e-04  6.24001749e-01  3.42800000e-04  6.09233294e-01 
 3.52800000e-04  6.39927574e-01  3.52800000e-04  6.27088447e-01  3.52800000e-04  6.24188820e-01  3.52800000e-04  6.05942485e-01 
 3.62800000e-04  6.37959022e-01  3.62800000e-04  6.25674945e-01  3.62800000e-04  6.24280260e-01  3.62800000e-04  6.02644125e-01 
 3.72800000e-04  6.35840663e-01  3.72800000e-04  6.24149144e-01  3.72800000e-04  6.24275014e-01  3.72800000e-04  5.99350799e-01 
 3.82800000e-04  6.33580857e-01  3.82800000e-04  6.22518660e-01  3.82800000e-04  6.24172547e-01  3.82800000e-04  5.96074891e-01 
 3.92800000e-04  6.31188523e-01  3.92800000e-04  6.20791386e-01  3.92800000e-04  6.23972839e-01  3.92800000e-04  5.92828585e-01 
 4.02800000e-04  6.28673103e-01  4.02800000e-04  6.18975456e-01  4.02800000e-04  6.23676361e-01  4.02800000e-04  5.89623848e-01 
 4.12800000e-04  6.26044522e-01  4.12800000e-04  6.17079222e-01  4.12800000e-04  6.23284061e-01  4.12800000e-04  5.86472418e-01 
 4.22800000e-04  6.23313156e-01  4.22800000e-04  6.15111220e-01  4.22800000e-04  6.22797347e-01  4.22800000e-04  5.83385786e-01 
 4.32800000e-04  6.20489784e-01  4.32800000e-04  6.13080150e-01  4.32800000e-04  6.22218069e-01  4.32800000e-04  5.80375170e-01 
 4.42800000e-04  6.17585547e-01  4.42800000e-04  6.10994843e-01  4.42800000e-04  6.21548497e-01  4.42800000e-04  5.77451496e-01 
 4.52800000e-04  6.14611909e-01  4.52800000e-04  6.08864237e-01  4.52800000e-04  6.20791305e-01  4.52800000e-04  5.74625361e-01 
 4.62800000e-04  6.11580604e-01  4.62800000e-04  6.06697348e-01  4.62800000e-04  6.19949550e-01  4.62800000e-04  5.71907013e-01 
 4.72800000e-04  6.08503595e-01  4.72800000e-04  6.04503246e-01  4.72800000e-04  6.19026651e-01  4.72800000e-04  5.69306312e-01 
 4.82800000e-04  6.05393027e-01  4.82800000e-04  6.02291022e-01  4.82800000e-04  6.18026371e-01  4.82800000e-04  5.66832704e-01 
 4.92800000e-04  6.02261175e-01  4.92800000e-04  6.00069769e-01  4.92800000e-04  6.16952794e-01  4.92800000e-04  5.64495182e-01 
 5.02800000e-04  5.99120399e-01  5.02800000e-04  5.97848543e-01  5.02800000e-04  6.15810303e-01  5.02800000e-04  5.62302263e-01 
 5.12800000e-04  5.95983095e-01  5.12800000e-04  5.95636343e-01  5.12800000e-04  6.14603561e-01  5.12800000e-04  5.60261946e-01 
 5.22800000e-04  5.92861643e-01  5.22800000e-04  5.93442082e-01  5.22800000e-04  6.13337486e-01  5.22800000e-04  5.58381687e-01 
 5.32800000e-04  5.89768364e-01  5.32800000e-04  5.91274554e-01  5.32800000e-04  6.12017229e-01  5.32800000e-04  5.56668367e-01 
 5.42800000e-04  5.86715464e-01  5.42800000e-04  5.89142408e-01  5.42800000e-04  6.10648153e-01  5.42800000e-04  5.55128264e-01 
 5.52800000e-04  5.83714991e-01  5.52800000e-04  5.87054121e-01  5.52800000e-04  6.09235809e-01  5.52800000e-04  5.53767023e-01 
 5.62800000e-04  5.80778789e-01  5.62800000e-04  5.85017969e-01  5.62800000e-04  6.07785912e-01  5.62800000e-04  5.52589638e-01 
 5.72800000e-04  5.77918444e-01  5.72800000e-04  5.83041997e-01  5.72800000e-04  6.06304316e-01  5.72800000e-04  5.51600420e-01 
 5.82800000e-04  5.75145244e-01  5.82800000e-04  5.81133993e-01  5.82800000e-04  6.04796994e-01  5.82800000e-04  5.50802985e-01 
 5.92800000e-04  5.72470135e-01  5.92800000e-04  5.79301464e-01  5.92800000e-04  6.03270008e-01  5.92800000e-04  5.50200231e-01 
 6.02800000e-04  5.69903674e-01  6.02800000e-04  5.77551602e-01  6.02800000e-04  6.01729494e-01  6.02800000e-04  5.49794327e-01 
 6.12800000e-04  5.67455989e-01  6.12800000e-04  5.75891268e-01  6.12800000e-04  6.00181626e-01  6.12800000e-04  5.49586696e-01 
 6.22800000e-04  5.65136740e-01  6.22800000e-04  5.74326959e-01  6.22800000e-04  5.98632601e-01  6.22800000e-04  5.49578013e-01 
 6.32800000e-04  5.62955081e-01  6.32800000e-04  5.72864791e-01  6.32800000e-04  5.97088613e-01  6.32800000e-04  5.49768193e-01 
 6.42800000e-04  5.60919621e-01  6.42800000e-04  5.71510473e-01  6.42800000e-04  5.95555823e-01  6.42800000e-04  5.50156390e-01 
 6.52800000e-04  5.59038394e-01  6.52800000e-04  5.70269286e-01  6.52800000e-04  5.94040344e-01  6.52800000e-04  5.50740999e-01 
 6.62800000e-04  5.57318823e-01  6.62800000e-04  5.69146067e-01  6.62800000e-04  5.92548212e-01  6.62800000e-04  5.51519659e-01 
 6.72800000e-04  5.55767696e-01  6.72800000e-04  5.68145187e-01  6.72800000e-04  5.91085360e-01  6.72800000e-04  5.52489257e-01 
 6.82800000e-04  5.54391133e-01  6.82800000e-04  5.67270536e-01  6.82800000e-04  5.89657605e-01  6.82800000e-04  5.53645942e-01 
 6.92800000e-04  5.53194567e-01  6.92800000e-04  5.66525508e-01  6.92800000e-04  5.88270614e-01  6.92800000e-04  5.54985135e-01 
 7.02800000e-04  5.52182722e-01  7.02800000e-04  5.65912990e-01  7.02800000e-04  5.86929890e-01  7.02800000e-04  5.56501549e-01 
 7.12800000e-04  5.51359589e-01  7.12800000e-04  5.65435348e-01  7.12800000e-04  5.85640749e-01  7.12800000e-04  5.58189202e-01 
 7.22800000e-04  5.50728417e-01  7.22800000e-04  5.65094419e-01  7.22800000e-04  5.84408298e-01  7.22800000e-04  5.60041446e-01 
 7.32800000e-04  5.50291698e-01  7.32800000e-04  5.64891506e-01  7.32800000e-04  5.83237416e-01  7.32800000e-04  5.62050985e-01 
 7.42800000e-04  5.50051155e-01  7.42800000e-04  5.64827370e-01  7.42800000e-04  5.82132735e-01  7.42800000e-04  5.64209908e-01 
 7.52800000e-04  5.50007738e-01  7.52800000e-04  5.64902227e-01  7.52800000e-04  5.81098626e-01  7.52800000e-04  5.66509718e-01 
 7.62800000e-04  5.50161616e-01  7.62800000e-04  5.65115751e-01  7.62800000e-04  5.80139174e-01  7.62800000e-04  5.68941363e-01 
 7.72800000e-04  5.50512185e-01  7.72800000e-04  5.65467068e-01  7.72800000e-04  5.79258172e-01  7.72800000e-04  5.71495270e-01 
 7.82800000e-04  5.51058059e-01  7.82800000e-04  5.65954768e-01  7.82800000e-04  5.78459097e-01  7.82800000e-04  5.74161387e-01 
 7.92800000e-04  5.51797084e-01  7.92800000e-04  5.66576902e-01  7.92800000e-04  5.77745105e-01  7.92800000e-04  5.76929218e-01 
 8.02800000e-04  5.52726345e-01  8.02800000e-04  5.67330997e-01  8.02800000e-04  5.77119012e-01  8.02800000e-04  5.79787864e-01 
 8.12800000e-04  5.53842172e-01  8.12800000e-04  5.68214058e-01  8.12800000e-04  5.76583288e-01  8.12800000e-04  5.82726069e-01 
 8.22800000e-04  5.55140164e-01  8.22800000e-04  5.69222588e-01  8.22800000e-04  5.76140044e-01  8.22800000e-04  5.85732260e-01 
 8.32800000e-04  5.56615197e-01  8.32800000e-04  5.70352593e-01  8.32800000e-04  5.75791027e-01  8.32800000e-04  5.88794595e-01 
 8.42800000e-04  5.58261450e-01  8.42800000e-04  5.71599605e-01  8.42800000e-04  5.75537610e-01  8.42800000e-04  5.91901010e-01 
 8.52800000e-04  5.60072426e-01  8.52800000e-04  5.72958693e-01  8.52800000e-04  5.75380789e-01  8.52800000e-04  5.95039265e-01 
 8.62800000e-04  5.62040978e-01  8.62800000e-04  5.74424487e-01  8.62800000e-04  5.75321180e-01  8.62800000e-04  5.98196991e-01 
 8.72800000e-04  5.64159337e-01  8.72800000e-04  5.75991197e-01  8.72800000e-04  5.75359014e-01  8.72800000e-04  6.01361743e-01 
 8.82800000e-04  5.66419143e-01  8.82800000e-04  5.77652637e-01  8.82800000e-04  5.75494136e-01  8.82800000e-04  6.04521046e-01 
 8.92800000e-04  5.68811477e-01  8.92800000e-04  5.79402247e-01  8.92800000e-04  5.75726010e-01  8.92800000e-04  6.07662446e-01 
 9.02800000e-04  5.71326897e-01  9.02800000e-04  5.81233120e-01  9.02800000e-04  5.76053717e-01  9.02800000e-04  6.10773555e-01 
 9.12800000e-04  5.73955478e-01  9.12800000e-04  5.83138029e-01  9.12800000e-04  5.76475959e-01  9.12800000e-04  6.13842108e-01 
 9.22800000e-04  5.76686844e-01  9.22800000e-04  5.85109456e-01  9.22800000e-04  5.76991066e-01  9.22800000e-04  6.16856001e-01 
 9.32800000e-04  5.79510216e-01  9.32800000e-04  5.87139621e-01  9.32800000e-04  5.77597002e-01  9.32800000e-04  6.19803350e-01 
 9.42800000e-04  5.82414453e-01  9.42800000e-04  5.89220513e-01  9.42800000e-04  5.78291373e-01  9.42800000e-04  6.22672529e-01 
 9.52800000e-04  5.85388091e-01  9.52800000e-04  5.91343920e-01  9.52800000e-04  5.79071435e-01  9.52800000e-04  6.25452220e-01 
 9.62800000e-04  5.88419396e-01  9.62800000e-04  5.93501464e-01  9.62800000e-04  5.79934107e-01  9.62800000e-04  6.28131458e-01 
 9.72800000e-04  5.91496405e-01  9.72800000e-04  5.95684630e-01  9.72800000e-04  5.80875983e-01  9.72800000e-04  6.30699675e-01 
 9.82800000e-04  5.94606973e-01  9.82800000e-04  5.97884805e-01  9.82800000e-04  5.81893342e-01  9.82800000e-04  6.33146736e-01 
 9.92800000e-04  5.97738825e-01  9.92800000e-04  6.00093306e-01  9.92800000e-04  5.82982168e-01  9.92800000e-04  6.35462989e-01 
 1.00280000e-03  6.00879601e-01  1.00280000e-03  6.02301421e-01  1.00280000e-03  5.84138162e-01  1.00280000e-03  6.37639292e-01 
 1.01280000e-03  6.04016905e-01  1.01280000e-03  6.04500435e-01  1.01280000e-03  5.85356760e-01  1.01280000e-03  6.39667060e-01 
 1.02280000e-03  6.07138357e-01  1.02280000e-03  6.06681672e-01  1.02280000e-03  5.86633153e-01  1.02280000e-03  6.41538291e-01 
 1.03280000e-03  6.10231636e-01  1.03280000e-03  6.08836526e-01  1.03280000e-03  5.87962300e-01  1.03280000e-03  6.43245600e-01 
 1.04280000e-03  6.13284536e-01  1.04280000e-03  6.10956494e-01  1.04280000e-03  5.89338957e-01  1.04280000e-03  6.44782249e-01 
 1.05280000e-03  6.16285009e-01  1.05280000e-03  6.13033211e-01  1.05280000e-03  5.90757688e-01  1.05280000e-03  6.46142176e-01 
 1.06280000e-03  6.19221211e-01  1.06280000e-03  6.15058481e-01  1.06280000e-03  5.92212895e-01  1.06280000e-03  6.47320012e-01 
 1.07280000e-03  6.22081556e-01  1.07280000e-03  6.17024315e-01  1.07280000e-03  5.93698833e-01  1.07280000e-03  6.48311108e-01 
 1.08280000e-03  6.24854756e-01  1.08280000e-03  6.18922954e-01  1.08280000e-03  5.95209638e-01  1.08280000e-03  6.49111554e-01 
 1.09280000e-03  6.27529865e-01  1.09280000e-03  6.20746906e-01  1.09280000e-03  5.96739348e-01  1.09280000e-03  6.49718189e-01 
 1.10280000e-03  6.30096326e-01  1.10280000e-03  6.22488975e-01  1.10280000e-03  5.98281924e-01  1.10280000e-03  6.50128619e-01 
 1.11280000e-03  6.32544011e-01  1.11280000e-03  6.24142287e-01  1.11280000e-03  5.99831279e-01  1.11280000e-03  6.50341224e-01 
 1.12280000e-03  6.34863260e-01  1.12280000e-03  6.25700316e-01  1.12280000e-03  6.01381298e-01  1.12280000e-03  6.50355163e-01 
 1.13280000e-03  6.37044919e-01  1.13280000e-03  6.27156915e-01  1.13280000e-03  6.02925864e-01  1.13280000e-03  6.50170381e-01 
 1.14280000e-03  6.39080379e-01  1.14280000e-03  6.28506336e-01  1.14280000e-03  6.04458881e-01  1.14280000e-03  6.49787607e-01 
 1.15280000e-03  6.40961606e-01  1.15280000e-03  6.29743254e-01  1.15280000e-03  6.05974299e-01  1.15280000e-03  6.49208350e-01 
 1.16280000e-03  6.42681177e-01  1.16280000e-03  6.30862788e-01  1.16280000e-03  6.07466137e-01  1.16280000e-03  6.48434896e-01 
 1.17280000e-03  6.44232304e-01  1.17280000e-03  6.31860519e-01  1.17280000e-03  6.08928508e-01  1.17280000e-03  6.47470296e-01 
 1.18280000e-03  6.45608867e-01  1.18280000e-03  6.32732512e-01  1.18280000e-03  6.10355641e-01  1.18280000e-03  6.46318358e-01 
 1.19280000e-03  6.46805433e-01  1.19280000e-03  6.33475324e-01  1.19280000e-03  6.11741903e-01  1.19280000e-03  6.44983626e-01 
 1.20280000e-03  6.47817278e-01  1.20280000e-03  6.34086025e-01  1.20280000e-03  6.13081824e-01  1.20280000e-03  6.43471368e-01 
 1.21280000e-03  6.48640411e-01  1.21280000e-03  6.34562204e-01  1.21280000e-03  6.14370115e-01  1.21280000e-03  6.41787551e-01 
 1.22280000e-03  6.49271583e-01  1.22280000e-03  6.34901982e-01  1.22280000e-03  6.15601693e-01  1.22280000e-03  6.39938820e-01 
 1.23280000e-03  6.49708302e-01  1.23280000e-03  6.35104018e-01  1.23280000e-03  6.16771696e-01  1.23280000e-03  6.37932471e-01 
 1.24280000e-03  6.49948845e-01  1.24280000e-03  6.35167516e-01  1.24280000e-03  6.17875509e-01  1.24280000e-03  6.35776421e-01 
 1.25280000e-03  6.49992262e-01  1.25280000e-03  6.35092224e-01  1.25280000e-03  6.18908774e-01  1.25280000e-03  6.33479180e-01 
 1.26280000e-03  6.49838384e-01  1.26280000e-03  6.34878440e-01  1.26280000e-03  6.19867414e-01  1.26280000e-03  6.31049813e-01 
 1.27280000e-03  6.49487815e-01  1.27280000e-03  6.34527008e-01  1.27280000e-03  6.20747646e-01  1.27280000e-03  6.28497907e-01 
 1.28280000e-03  6.48941941e-01  1.28280000e-03  6.34039314e-01  1.28280000e-03  6.21545995e-01  1.28280000e-03  6.25833534e-01 
 1.29280000e-03  6.48202916e-01  1.29280000e-03  6.33417283e-01  1.29280000e-03  6.22259312e-01  1.29280000e-03  6.23067208e-01 
 1.30280000e-03  6.47273655e-01  1.30280000e-03  6.32663370e-01  1.30280000e-03  6.22884781e-01  1.30280000e-03  6.20209846e-01 
 1.31280000e-03  6.46157828e-01  1.31280000e-03  6.31780551e-01  1.31280000e-03  6.23419934e-01  1.31280000e-03  6.17272726e-01 
 1.32280000e-03  6.44859836e-01  1.32280000e-03  6.30772308e-01  1.32280000e-03  6.23862659e-01  1.32280000e-03  6.14267438e-01 
 1.33280000e-03  6.43384803e-01  1.33280000e-03  6.29642622e-01  1.33280000e-03  6.24211208e-01  1.33280000e-03  6.11205843e-01 
 1.34280000e-03  6.41738550e-01  1.34280000e-03  6.28395951e-01  1.34280000e-03  6.24464207e-01  1.34280000e-03  6.08100023e-01 
 1.35280000e-03  6.39927574e-01  1.35280000e-03  6.27037215e-01  1.35280000e-03  6.24620656e-01  1.35280000e-03  6.04962236e-01 
 1.36280000e-03  6.37959022e-01  1.36280000e-03  6.25571775e-01  1.36280000e-03  6.24679939e-01  1.36280000e-03  6.01804865e-01 
 1.37280000e-03  6.35840663e-01  1.37280000e-03  6.24005416e-01  1.37280000e-03  6.24641821e-01  1.37280000e-03  5.98640371e-01 
 1.38280000e-03  6.33580857e-01  1.38280000e-03  6.22344318e-01  1.38280000e-03  6.24506453e-01  1.38280000e-03  5.95481243e-01 
 1.39280000e-03  6.31188523e-01  1.39280000e-03  6.20595039e-01  1.39280000e-03  6.24274369e-01  1.39280000e-03  5.92339947e-01 
 1.40280000e-03  6.28673103e-01  1.40280000e-03  6.18764480e-01  1.40280000e-03  6.23946486e-01  1.40280000e-03  5.89228882e-01 
 1.41280000e-03  6.26044522e-01  1.41280000e-03  6.16859867e-01  1.41280000e-03  6.23524096e-01  1.41280000e-03  5.86160326e-01 
 1.42280000e-03  6.23313156e-01  1.42280000e-03  6.14888715e-01  1.42280000e-03  6.23008868e-01  1.42280000e-03  5.83146388e-01 
 1.43280000e-03  6.20489784e-01  1.43280000e-03  6.12858805e-01  1.43280000e-03  6.22402834e-01  1.43280000e-03  5.80198963e-01 
 1.44280000e-03  6.17585547e-01  1.44280000e-03  6.10778148e-01  1.44280000e-03  6.21708387e-01  1.44280000e-03  5.77329684e-01 
 1.45280000e-03  6.14611909e-01  1.45280000e-03  6.08654954e-01  1.45280000e-03  6.20928267e-01  1.45280000e-03  5.74549873e-01 
 1.46280000e-03  6.11580604e-01  1.46280000e-03  6.06497603e-01  1.46280000e-03  6.20065552e-01  1.46280000e-03  5.71870503e-01 
 1.47280000e-03  6.08503595e-01  1.47280000e-03  6.04314609e-01  1.47280000e-03  6.19123647e-01  1.47280000e-03  5.69302146e-01 
 1.48280000e-03  6.05393027e-01  1.48280000e-03  6.02114587e-01  1.48280000e-03  6.18106271e-01  1.48280000e-03  5.66854940e-01 
 1.49280000e-03  6.02261175e-01  1.49280000e-03  5.99906220e-01  1.49280000e-03  6.17017437e-01  1.49280000e-03  5.64538542e-01 
 1.50280000e-03  5.99120399e-01  1.50280000e-03  5.97698223e-01  1.50280000e-03  6.15861444e-01  1.50280000e-03  5.62362094e-01 
 1.51280000e-03  5.95983095e-01  1.51280000e-03  5.95499311e-01  1.51280000e-03  6.14642852e-01  1.51280000e-03  5.60334185e-01 
 1.52280000e-03  5.92861643e-01  1.52280000e-03  5.93318160e-01  1.52280000e-03  6.13366472e-01  1.52280000e-03  5.58462819e-01 
 1.53280000e-03  5.89768364e-01  1.53280000e-03  5.91163380e-01  1.53280000e-03  6.12037341e-01  1.53280000e-03  5.56755382e-01 
 1.54280000e-03  5.86715464e-01  1.54280000e-03  5.89043474e-01  1.54280000e-03  6.10660703e-01  1.54280000e-03  5.55218611e-01 
 1.55280000e-03  5.83714991e-01  1.55280000e-03  5.86966808e-01  1.55280000e-03  6.09241993e-01  1.55280000e-03  5.53858571e-01 
 1.56280000e-03  5.80778789e-01  1.56280000e-03  5.84941578e-01  1.56280000e-03  6.07786809e-01  1.56280000e-03  5.52680631e-01 
 1.57280000e-03  5.77918444e-01  1.57280000e-03  5.82975777e-01  1.57280000e-03  6.06300894e-01  1.57280000e-03  5.51689438e-01 
 1.58280000e-03  5.75145244e-01  1.58280000e-03  5.81077163e-01  1.58280000e-03  6.04790113e-01  1.58280000e-03  5.50888905e-01 
 1.59280000e-03  5.72470135e-01  1.59280000e-03  5.79253228e-01  1.59280000e-03  6.03260427e-01  1.59280000e-03  5.50282191e-01 
 1.60280000e-03  5.69903674e-01  1.60280000e-03  5.77511172e-01  1.60280000e-03  6.01717873e-01  1.60280000e-03  5.49871691e-01 
 1.61280000e-03  5.67455989e-01  1.61280000e-03  5.75857869e-01  1.61280000e-03  6.00168540e-01  1.61280000e-03  5.49659024e-01 
 1.62280000e-03  5.65136740e-01  1.62280000e-03  5.74299843e-01  1.62280000e-03  5.98618542e-01  1.62280000e-03  5.49645029e-01 
 1.63280000e-03  5.62955081e-01  1.63280000e-03  5.72843245e-01  1.63280000e-03  5.97073996e-01  1.63280000e-03  5.49829763e-01 
 1.64280000e-03  5.60919621e-01  1.64280000e-03  5.71493821e-01  1.64280000e-03  5.95540997e-01  1.64280000e-03  5.50212496e-01 
 1.65280000e-03  5.59038394e-01  1.65280000e-03  5.70256899e-01  1.65280000e-03  5.94025596e-01  1.65280000e-03  5.50791718e-01 
 1.66280000e-03  5.57318823e-01  1.66280000e-03  5.69137359e-01  1.66280000e-03  5.92533774e-01  1.66280000e-03  5.51565142e-01 
 1.67280000e-03  5.55767696e-01  1.67280000e-03  5.68139619e-01  1.67280000e-03  5.91071417e-01  1.67280000e-03  5.52529716e-01 
 1.68280000e-03  5.54391133e-01  1.68280000e-03  5.67267618e-01  1.68280000e-03  5.89644297e-01  1.68280000e-03  5.53681634e-01 
 1.69280000e-03  5.53194567e-01  1.69280000e-03  5.66524797e-01  1.69280000e-03  5.88258046e-01  1.69280000e-03  5.55016349e-01 
 1.70280000e-03  5.52182722e-01  1.70280000e-03  5.65914087e-01  1.70280000e-03  5.86918136e-01  1.70280000e-03  5.56528594e-01 
 1.71280000e-03  5.51359589e-01  1.71280000e-03  5.65437899e-01  1.71280000e-03  5.85629854e-01  1.71280000e-03  5.58212401e-01 
 1.72280000e-03  5.50728417e-01  1.72280000e-03  5.65098111e-01  1.72280000e-03  5.84398284e-01  1.72280000e-03  5.60061124e-01 
 1.73280000e-03  5.50291698e-01  1.73280000e-03  5.64896065e-01  1.73280000e-03  5.83228287e-01  1.73280000e-03  5.62067468e-01 
 1.74280000e-03  5.50051155e-01  1.74280000e-03  5.64832558e-01  1.74280000e-03  5.82124480e-01  1.74280000e-03  5.64223515e-01 
 1.75280000e-03  5.50007738e-01  1.75280000e-03  5.64907842e-01  1.75280000e-03  5.81091220e-01  1.75280000e-03  5.66520755e-01 
 1.76280000e-03  5.50161616e-01  1.76280000e-03  5.65121617e-01  1.76280000e-03  5.80132584e-01  1.76280000e-03  5.68950122e-01 
 1.77280000e-03  5.50512185e-01  1.77280000e-03  5.65473042e-01  1.77280000e-03  5.79252355e-01  1.77280000e-03  5.71502028e-01 
 1.78280000e-03  5.51058059e-01  1.78280000e-03  5.65960729e-01  1.78280000e-03  5.78454009e-01  1.78280000e-03  5.74166404e-01 
 1.79280000e-03  5.51797084e-01  1.79280000e-03  5.66582754e-01  1.79280000e-03  5.77740694e-01  1.79280000e-03  5.76932732e-01 
 1.80280000e-03  5.52726345e-01  1.80280000e-03  5.67336661e-01  1.80280000e-03  5.77115227e-01  1.80280000e-03  5.79790097e-01 
 1.81280000e-03  5.53842172e-01  1.81280000e-03  5.68219475e-01  1.81280000e-03  5.76580075e-01  1.81280000e-03  5.82727221e-01 
 1.82280000e-03  5.55140164e-01  1.82280000e-03  5.69227713e-01  1.82280000e-03  5.76137351e-01  1.82280000e-03  5.85732513e-01 
 1.83280000e-03  5.56615197e-01  1.83280000e-03  5.70357395e-01  1.83280000e-03  5.75788802e-01  1.83280000e-03  5.88794112e-01 
 1.84280000e-03  5.58261450e-01  1.84280000e-03  5.71604062e-01  1.84280000e-03  5.75535804e-01  1.84280000e-03  5.91899935e-01 
 1.85280000e-03  5.60072426e-01  1.85280000e-03  5.72962795e-01  1.85280000e-03  5.75379355e-01  1.85280000e-03  5.95037726e-01 
 1.86280000e-03  5.62040978e-01  1.86280000e-03  5.74428232e-01  1.86280000e-03  5.75320072e-01  1.86280000e-03  5.98195101e-01 
 1.87280000e-03  5.64159337e-01  1.87280000e-03  5.75994589e-01  1.87280000e-03  5.75358189e-01  1.87280000e-03  6.01359598e-01 
 1.88280000e-03  5.66419143e-01  1.88280000e-03  5.77655684e-01  1.88280000e-03  5.75493557e-01  1.88280000e-03  6.04518730e-01 
 1.89280000e-03  5.68811477e-01  1.89280000e-03  5.79404963e-01  1.89280000e-03  5.75725640e-01  1.89280000e-03  6.07660029e-01 
 1.90280000e-03  5.71326897e-01  1.90280000e-03  5.81235520e-01  1.90280000e-03  5.76053523e-01  1.90280000e-03  6.10771097e-01 
 1.91280000e-03  5.73955478e-01  1.91280000e-03  5.83140132e-01  1.91280000e-03  5.76475912e-01  1.91280000e-03  6.13839656e-01 
 1.92280000e-03  5.76686844e-01  1.92280000e-03  5.85111282e-01  1.92280000e-03  5.76991139e-01  1.92280000e-03  6.16853597e-01 
 1.93280000e-03  5.79510216e-01  1.93280000e-03  5.87141192e-01  1.93280000e-03  5.77597172e-01  1.93280000e-03  6.19801024e-01 
 1.94280000e-03  5.82414453e-01  1.94280000e-03  5.89221849e-01  1.94280000e-03  5.78291619e-01  1.94280000e-03  6.22670306e-01 
 1.95280000e-03  5.85388091e-01  1.95280000e-03  5.91345042e-01  1.95280000e-03  5.79071739e-01  1.95280000e-03  6.25450118e-01 
 1.96280000e-03  5.88419396e-01  1.96280000e-03  5.93502393e-01  1.96280000e-03  5.79934453e-01  1.96280000e-03  6.28129490e-01 
 1.97280000e-03  5.91496405e-01  1.97280000e-03  5.95685387e-01  1.97280000e-03  5.80876357e-01  1.97280000e-03  6.30697848e-01 
 1.98280000e-03  5.94606973e-01  1.98280000e-03  5.97885409e-01  1.98280000e-03  5.81893733e-01  1.98280000e-03  6.33145056e-01 
 1.99280000e-03  5.97738825e-01  1.99280000e-03  6.00093776e-01  1.99280000e-03  5.82982566e-01  1.99280000e-03  6.35461455e-01 
 2.00280000e-03  6.00879601e-01  2.00280000e-03  6.02301772e-01  2.00280000e-03  5.84138559e-01  2.00280000e-03  6.37637904e-01 
 2.01280000e-03  6.04016905e-01  2.01280000e-03  6.04500685e-01  2.01280000e-03  5.85357150e-01  2.01280000e-03  6.39665813e-01 
 2.02280000e-03  6.07138357e-01  2.02280000e-03  6.06681836e-01  2.02280000e-03  5.86633530e-01  2.02280000e-03  6.41537180e-01 
 2.03280000e-03  6.10231636e-01  2.03280000e-03  6.08836616e-01  2.03280000e-03  5.87962661e-01  2.03280000e-03  6.43244618e-01 
 2.04280000e-03  6.13284536e-01  2.04280000e-03  6.10956523e-01  2.04280000e-03  5.89339298e-01  2.04280000e-03  6.44781390e-01 
 2.05280000e-03  6.16285009e-01  2.05280000e-03  6.13033189e-01  2.05280000e-03  5.90758008e-01  2.05280000e-03  6.46141430e-01 
 2.06280000e-03  6.19221211e-01  2.06280000e-03  6.15058419e-01  2.06280000e-03  5.92213192e-01  2.06280000e-03  6.47319371e-01 
 2.07280000e-03  6.22081556e-01  2.07280000e-03  6.17024220e-01  2.07280000e-03  5.93699106e-01  2.07280000e-03  6.48310563e-01 
 2.08280000e-03  6.24854756e-01  2.08280000e-03  6.18922835e-01  2.08280000e-03  5.95209888e-01  2.08280000e-03  6.49111097e-01 
 2.09280000e-03  6.27529865e-01  2.09280000e-03  6.20746769e-01  2.09280000e-03  5.96739574e-01  2.09280000e-03  6.49717811e-01 
 2.10280000e-03  6.30096326e-01  2.10280000e-03  6.22488826e-01  2.10280000e-03  5.98282127e-01  2.10280000e-03  6.50128311e-01 
 2.11280000e-03  6.32544011e-01  2.11280000e-03  6.24142130e-01  2.11280000e-03  5.99831460e-01  2.11280000e-03  6.50340978e-01 
 2.12280000e-03  6.34863260e-01  2.12280000e-03  6.25700155e-01  2.12280000e-03  6.01381458e-01  2.12280000e-03  6.50354972e-01 
 2.13280000e-03  6.37044919e-01  2.13280000e-03  6.27156754e-01  2.13280000e-03  6.02926004e-01  2.13280000e-03  6.50170238e-01 
 2.14280000e-03  6.39080379e-01  2.14280000e-03  6.28506178e-01  2.14280000e-03  6.04459003e-01  2.14280000e-03  6.49787505e-01 
 2.15280000e-03  6.40961606e-01  2.15280000e-03  6.29743100e-01  2.15280000e-03  6.05974404e-01  2.15280000e-03  6.49208284e-01 
 2.16280000e-03  6.42681177e-01  2.16280000e-03  6.30862641e-01  2.16280000e-03  6.07466226e-01  2.16280000e-03  6.48434860e-01 
 2.17280000e-03  6.44232304e-01  2.17280000e-03  6.31860380e-01  2.17280000e-03  6.08928583e-01  2.17280000e-03  6.47470286e-01 
 2.18280000e-03  6.45608867e-01  2.18280000e-03  6.32732381e-01  2.18280000e-03  6.10355703e-01  2.18280000e-03  6.46318368e-01 
 2.19280000e-03  6.46805433e-01  2.19280000e-03  6.33475203e-01  2.19280000e-03  6.11741953e-01  2.19280000e-03  6.44983652e-01 
 2.20280000e-03  6.47817278e-01  2.20280000e-03  6.34085913e-01  2.20280000e-03  6.13081864e-01  2.20280000e-03  6.43471407e-01 
 2.21280000e-03  6.48640411e-01  2.21280000e-03  6.34562101e-01  2.21280000e-03  6.14370146e-01  2.21280000e-03  6.41787600e-01 
 2.22280000e-03  6.49271583e-01  2.22280000e-03  6.34901889e-01  2.22280000e-03  6.15601716e-01  2.22280000e-03  6.39938876e-01 
 2.23280000e-03  6.49708302e-01  2.23280000e-03  6.35103935e-01  2.23280000e-03  6.16771713e-01  2.23280000e-03  6.37932532e-01 
 2.24280000e-03  6.49948845e-01  2.24280000e-03  6.35167442e-01  2.24280000e-03  6.17875520e-01  2.24280000e-03  6.35776486e-01 
 2.25280000e-03  6.49992262e-01  2.25280000e-03  6.35092158e-01  2.25280000e-03  6.18908780e-01  2.25280000e-03  6.33479246e-01 
 2.26280000e-03  6.49838384e-01  2.26280000e-03  6.34878383e-01  2.26280000e-03  6.19867416e-01  2.26280000e-03  6.31049879e-01 
 2.27280000e-03  6.49487815e-01  2.27280000e-03  6.34526958e-01  2.27280000e-03  6.20747644e-01  2.27280000e-03  6.28497972e-01 
 2.28280000e-03  6.48941941e-01  2.28280000e-03  6.34039271e-01  2.28280000e-03  6.21545991e-01  2.28280000e-03  6.25833597e-01 
 2.29280000e-03  6.48202916e-01  2.29280000e-03  6.33417246e-01  2.29280000e-03  6.22259306e-01  2.29280000e-03  6.23067268e-01 
 2.30280000e-03  6.47273655e-01  2.30280000e-03  6.32663339e-01  2.30280000e-03  6.22884773e-01  2.30280000e-03  6.20209903e-01 
 2.31280000e-03  6.46157828e-01  2.31280000e-03  6.31780525e-01  2.31280000e-03  6.23419925e-01  2.31280000e-03  6.17272779e-01 
 2.32280000e-03  6.44859836e-01  2.32280000e-03  6.30772287e-01  2.32280000e-03  6.23862649e-01  2.32280000e-03  6.14267487e-01 
 2.33280000e-03  6.43384803e-01  2.33280000e-03  6.29642606e-01  2.33280000e-03  6.24211198e-01  2.33280000e-03  6.11205888e-01 
 2.34280000e-03  6.41738550e-01  2.34280000e-03  6.28395938e-01  2.34280000e-03  6.24464196e-01  2.34280000e-03  6.08100065e-01 
 2.35280000e-03  6.39927574e-01  2.35280000e-03  6.27037205e-01  2.35280000e-03  6.24620645e-01  2.35280000e-03  6.04962274e-01 
 2.36280000e-03  6.37959022e-01  2.36280000e-03  6.25571768e-01  2.36280000e-03  6.24679928e-01  2.36280000e-03  6.01804899e-01 
 2.37280000e-03  6.35840663e-01  2.37280000e-03  6.24005411e-01  2.37280000e-03  6.24641811e-01  2.37280000e-03  5.98640402e-01 
 2.38280000e-03  6.33580857e-01  2.38280000e-03  6.22344316e-01  2.38280000e-03  6.24506443e-01  2.38280000e-03  5.95481270e-01 
 2.39280000e-03  6.31188523e-01  2.39280000e-03  6.20595038e-01  2.39280000e-03  6.24274360e-01  2.39280000e-03  5.92339971e-01 
 2.40280000e-03  6.28673103e-01  2.40280000e-03  6.18764480e-01  2.40280000e-03  6.23946477e-01  2.40280000e-03  5.89228903e-01 
 2.41280000e-03  6.26044522e-01  2.41280000e-03  6.16859868e-01  2.41280000e-03  6.23524088e-01  2.41280000e-03  5.86160344e-01 
 2.42280000e-03  6.23313156e-01  2.42280000e-03  6.14888718e-01  2.42280000e-03  6.23008861e-01  2.42280000e-03  5.83146403e-01 
 2.43280000e-03  6.20489784e-01  2.43280000e-03  6.12858808e-01  2.43280000e-03  6.22402828e-01  2.43280000e-03  5.80198976e-01 
 2.44280000e-03  6.17585547e-01  2.44280000e-03  6.10778151e-01  2.44280000e-03  6.21708381e-01  2.44280000e-03  5.77329694e-01 
 2.45280000e-03  6.14611909e-01  2.45280000e-03  6.08654958e-01  2.45280000e-03  6.20928261e-01  2.45280000e-03  5.74549882e-01 
 2.46280000e-03  6.11580604e-01  2.46280000e-03  6.06497607e-01  2.46280000e-03  6.20065547e-01  2.46280000e-03  5.71870510e-01 
 2.47280000e-03  6.08503595e-01  2.47280000e-03  6.04314613e-01  2.47280000e-03  6.19123643e-01  2.47280000e-03  5.69302152e-01 
 2.48280000e-03  6.05393027e-01  2.48280000e-03  6.02114591e-01  2.48280000e-03  6.18106267e-01  2.48280000e-03  5.66854944e-01 
 2.49280000e-03  6.02261175e-01  2.49280000e-03  5.99906224e-01  2.49280000e-03  6.17017434e-01  2.49280000e-03  5.64538545e-01 
 2.50280000e-03  5.99120399e-01  2.50280000e-03  5.97698228e-01  2.50280000e-03  6.15861441e-01  2.50280000e-03  5.62362096e-01 
 2.51280000e-03  5.95983095e-01  2.51280000e-03  5.95499315e-01  2.51280000e-03  6.14642850e-01  2.51280000e-03  5.60334186e-01 
 2.52280000e-03  5.92861643e-01  2.52280000e-03  5.93318164e-01  2.52280000e-03  6.13366470e-01  2.52280000e-03  5.58462820e-01 
 2.53280000e-03  5.89768364e-01  2.53280000e-03  5.91163384e-01  2.53280000e-03  6.12037339e-01  2.53280000e-03  5.56755382e-01 
 2.54280000e-03  5.86715464e-01  2.54280000e-03  5.89043477e-01  2.54280000e-03  6.10660702e-01  2.54280000e-03  5.55218610e-01 
 2.55280000e-03  5.83714991e-01  2.55280000e-03  5.86966811e-01  2.55280000e-03  6.09241992e-01  2.55280000e-03  5.53858570e-01 
 2.56280000e-03  5.80778789e-01  2.56280000e-03  5.84941581e-01  2.56280000e-03  6.07786808e-01  2.56280000e-03  5.52680629e-01 
 2.57280000e-03  5.77918444e-01  2.57280000e-03  5.82975780e-01  2.57280000e-03  6.06300894e-01  2.57280000e-03  5.51689437e-01 
 2.58280000e-03  5.75145244e-01  2.58280000e-03  5.81077165e-01  2.58280000e-03  6.04790112e-01  2.58280000e-03  5.50888903e-01 
 2.59280000e-03  5.72470135e-01  2.59280000e-03  5.79253231e-01  2.59280000e-03  6.03260426e-01  2.59280000e-03  5.50282189e-01 
 2.60280000e-03  5.69903674e-01  2.60280000e-03  5.77511174e-01  2.60280000e-03  6.01717873e-01  2.60280000e-03  5.49871689e-01 
 2.61280000e-03  5.67455989e-01  2.61280000e-03  5.75857870e-01  2.61280000e-03  6.00168540e-01  2.61280000e-03  5.49659022e-01 
 2.62280000e-03  5.65136740e-01  2.62280000e-03  5.74299845e-01  2.62280000e-03  5.98618542e-01  2.62280000e-03  5.49645028e-01 
 2.63280000e-03  5.62955081e-01  2.63280000e-03  5.72843246e-01  2.63280000e-03  5.97073996e-01  2.63280000e-03  5.49829762e-01 
 2.64280000e-03  5.60919621e-01  2.64280000e-03  5.71493822e-01  2.64280000e-03  5.95540997e-01  2.64280000e-03  5.50212495e-01 
 2.65280000e-03  5.59038394e-01  2.65280000e-03  5.70256900e-01  2.65280000e-03  5.94025596e-01  2.65280000e-03  5.50791716e-01 
 2.66280000e-03  5.57318823e-01  2.66280000e-03  5.69137359e-01  2.66280000e-03  5.92533774e-01  2.66280000e-03  5.51565140e-01 
 2.67280000e-03  5.55767696e-01  2.67280000e-03  5.68139620e-01  2.67280000e-03  5.91071417e-01  2.67280000e-03  5.52529714e-01 
 2.68280000e-03  5.54391133e-01  2.68280000e-03  5.67267619e-01  2.68280000e-03  5.89644297e-01  2.68280000e-03  5.53681632e-01 
 2.69280000e-03  5.53194567e-01  2.69280000e-03  5.66524797e-01  2.69280000e-03  5.88258047e-01  2.69280000e-03  5.55016348e-01 
 2.70280000e-03  5.52182722e-01  2.70280000e-03  5.65914087e-01  2.70280000e-03  5.86918136e-01  2.70280000e-03  5.56528593e-01 
 2.71280000e-03  5.51359589e-01  2.71280000e-03  5.65437899e-01  2.71280000e-03  5.85629854e-01  2.71280000e-03  5.58212400e-01 
 2.72280000e-03  5.50728417e-01  2.72280000e-03  5.65098111e-01  2.72280000e-03  5.84398284e-01  2.72280000e-03  5.60061124e-01 
 2.73280000e-03  5.50291698e-01  2.73280000e-03  5.64896065e-01  2.73280000e-03  5.83228287e-01  2.73280000e-03  5.62067468e-01 
 2.74280000e-03  5.50051155e-01  2.74280000e-03  5.64832558e-01  2.74280000e-03  5.82124480e-01  2.74280000e-03  5.64223514e-01 
 2.75280000e-03  5.50007738e-01  2.75280000e-03  5.64907842e-01  2.75280000e-03  5.81091220e-01  2.75280000e-03  5.66520754e-01 
 2.76280000e-03  5.50161616e-01  2.76280000e-03  5.65121617e-01  2.76280000e-03  5.80132584e-01  2.76280000e-03  5.68950121e-01 
 2.77280000e-03  5.50512185e-01  2.77280000e-03  5.65473042e-01  2.77280000e-03  5.79252356e-01  2.77280000e-03  5.71502028e-01 
 2.78280000e-03  5.51058059e-01  2.78280000e-03  5.65960729e-01  2.78280000e-03  5.78454009e-01  2.78280000e-03  5.74166403e-01 
 2.79280000e-03  5.51797084e-01  2.79280000e-03  5.66582754e-01  2.79280000e-03  5.77740694e-01  2.79280000e-03  5.76932732e-01 
 2.80280000e-03  5.52726345e-01  2.80280000e-03  5.67336661e-01  2.80280000e-03  5.77115227e-01  2.80280000e-03  5.79790097e-01 
 2.81280000e-03  5.53842172e-01  2.81280000e-03  5.68219475e-01  2.81280000e-03  5.76580075e-01  2.81280000e-03  5.82727221e-01 
 2.82280000e-03  5.55140164e-01  2.82280000e-03  5.69227713e-01  2.82280000e-03  5.76137351e-01  2.82280000e-03  5.85732513e-01 
 2.83280000e-03  5.56615197e-01  2.83280000e-03  5.70357394e-01  2.83280000e-03  5.75788802e-01  2.83280000e-03  5.88794112e-01 
 2.84280000e-03  5.58261450e-01  2.84280000e-03  5.71604062e-01  2.84280000e-03  5.75535804e-01  2.84280000e-03  5.91899935e-01 
 2.85280000e-03  5.60072426e-01  2.85280000e-03  5.72962795e-01  2.85280000e-03  5.75379355e-01  2.85280000e-03  5.95037726e-01 
 2.86280000e-03  5.62040978e-01  2.86280000e-03  5.74428232e-01  2.86280000e-03  5.75320072e-01  2.86280000e-03  5.98195101e-01 
 2.87280000e-03  5.64159337e-01  2.87280000e-03  5.75994589e-01  2.87280000e-03  5.75358189e-01  2.87280000e-03  6.01359598e-01 
 2.88280000e-03  5.66419143e-01  2.88280000e-03  5.77655684e-01  2.88280000e-03  5.75493557e-01  2.88280000e-03  6.04518730e-01 
 2.89280000e-03  5.68811477e-01  2.89280000e-03  5.79404962e-01  2.89280000e-03  5.75725640e-01  2.89280000e-03  6.07660029e-01 
 2.90280000e-03  5.71326897e-01  2.90280000e-03  5.81235520e-01  2.90280000e-03  5.76053523e-01  2.90280000e-03  6.10771097e-01 
 2.91280000e-03  5.73955478e-01  2.91280000e-03  5.83140132e-01  2.91280000e-03  5.76475912e-01  2.91280000e-03  6.13839656e-01 
 2.92280000e-03  5.76686844e-01  2.92280000e-03  5.85111282e-01  2.92280000e-03  5.76991139e-01  2.92280000e-03  6.16853597e-01 
 2.93280000e-03  5.79510216e-01  2.93280000e-03  5.87141192e-01  2.93280000e-03  5.77597172e-01  2.93280000e-03  6.19801024e-01 
 2.94280000e-03  5.82414453e-01  2.94280000e-03  5.89221849e-01  2.94280000e-03  5.78291619e-01  2.94280000e-03  6.22670306e-01 
 2.95280000e-03  5.85388091e-01  2.95280000e-03  5.91345042e-01  2.95280000e-03  5.79071739e-01  2.95280000e-03  6.25450118e-01 
 2.96280000e-03  5.88419396e-01  2.96280000e-03  5.93502393e-01  2.96280000e-03  5.79934453e-01  2.96280000e-03  6.28129490e-01 
 2.97280000e-03  5.91496405e-01  2.97280000e-03  5.95685387e-01  2.97280000e-03  5.80876357e-01  2.97280000e-03  6.30697848e-01 
 2.98280000e-03  5.94606973e-01  2.98280000e-03  5.97885409e-01  2.98280000e-03  5.81893733e-01  2.98280000e-03  6.33145056e-01 
 2.99280000e-03  5.97738825e-01  2.99280000e-03  6.00093776e-01  2.99280000e-03  5.82982566e-01  2.99280000e-03  6.35461455e-01 
 3.00280000e-03  6.00879601e-01  3.00280000e-03  6.02301772e-01  3.00280000e-03  5.84138559e-01  3.00280000e-03  6.37637904e-01 
 3.01280000e-03  6.04016905e-01  3.01280000e-03  6.04500685e-01  3.01280000e-03  5.85357150e-01  3.01280000e-03  6.39665814e-01 
 3.02280000e-03  6.07138357e-01  3.02280000e-03  6.06681836e-01  3.02280000e-03  5.86633530e-01  3.02280000e-03  6.41537180e-01 
 3.03280000e-03  6.10231636e-01  3.03280000e-03  6.08836616e-01  3.03280000e-03  5.87962661e-01  3.03280000e-03  6.43244618e-01 
 3.04280000e-03  6.13284536e-01  3.04280000e-03  6.10956523e-01  3.04280000e-03  5.89339298e-01  3.04280000e-03  6.44781390e-01 
 3.05280000e-03  6.16285009e-01  3.05280000e-03  6.13033189e-01  3.05280000e-03  5.90758008e-01  3.05280000e-03  6.46141430e-01 
 3.06280000e-03  6.19221211e-01  3.06280000e-03  6.15058419e-01  3.06280000e-03  5.92213192e-01  3.06280000e-03  6.47319371e-01 
 3.07280000e-03  6.22081556e-01  3.07280000e-03  6.17024220e-01  3.07280000e-03  5.93699106e-01  3.07280000e-03  6.48310563e-01 
 3.08280000e-03  6.24854756e-01  3.08280000e-03  6.18922835e-01  3.08280000e-03  5.95209888e-01  3.08280000e-03  6.49111097e-01 
 3.09280000e-03  6.27529865e-01  3.09280000e-03  6.20746769e-01  3.09280000e-03  5.96739574e-01  3.09280000e-03  6.49717811e-01 
 3.10280000e-03  6.30096326e-01  3.10280000e-03  6.22488826e-01  3.10280000e-03  5.98282127e-01  3.10280000e-03  6.50128311e-01 
 3.11280000e-03  6.32544011e-01  3.11280000e-03  6.24142130e-01  3.11280000e-03  5.99831460e-01  3.11280000e-03  6.50340978e-01 
 3.12280000e-03  6.34863260e-01  3.12280000e-03  6.25700155e-01  3.12280000e-03  6.01381458e-01  3.12280000e-03  6.50354972e-01 
 3.13280000e-03  6.37044919e-01  3.13280000e-03  6.27156754e-01  3.13280000e-03  6.02926004e-01  3.13280000e-03  6.50170238e-01 
 3.14280000e-03  6.39080379e-01  3.14280000e-03  6.28506178e-01  3.14280000e-03  6.04459003e-01  3.14280000e-03  6.49787505e-01 
 3.15280000e-03  6.40961606e-01  3.15280000e-03  6.29743100e-01  3.15280000e-03  6.05974404e-01  3.15280000e-03  6.49208284e-01 
 3.16280000e-03  6.42681177e-01  3.16280000e-03  6.30862641e-01  3.16280000e-03  6.07466226e-01  3.16280000e-03  6.48434860e-01 
 3.17280000e-03  6.44232304e-01  3.17280000e-03  6.31860380e-01  3.17280000e-03  6.08928583e-01  3.17280000e-03  6.47470286e-01 
 3.18280000e-03  6.45608867e-01  3.18280000e-03  6.32732381e-01  3.18280000e-03  6.10355703e-01  3.18280000e-03  6.46318368e-01 
 3.19280000e-03  6.46805433e-01  3.19280000e-03  6.33475203e-01  3.19280000e-03  6.11741953e-01  3.19280000e-03  6.44983652e-01 
 3.20280000e-03  6.47817278e-01  3.20280000e-03  6.34085913e-01  3.20280000e-03  6.13081864e-01  3.20280000e-03  6.43471407e-01 
 3.21280000e-03  6.48640411e-01  3.21280000e-03  6.34562101e-01  3.21280000e-03  6.14370146e-01  3.21280000e-03  6.41787600e-01 
 3.22280000e-03  6.49271583e-01  3.22280000e-03  6.34901889e-01  3.22280000e-03  6.15601716e-01  3.22280000e-03  6.39938876e-01 
 3.23280000e-03  6.49708302e-01  3.23280000e-03  6.35103935e-01  3.23280000e-03  6.16771713e-01  3.23280000e-03  6.37932532e-01 
 3.24280000e-03  6.49948845e-01  3.24280000e-03  6.35167442e-01  3.24280000e-03  6.17875520e-01  3.24280000e-03  6.35776486e-01 
 3.25280000e-03  6.49992262e-01  3.25280000e-03  6.35092158e-01  3.25280000e-03  6.18908780e-01  3.25280000e-03  6.33479246e-01 
 3.26280000e-03  6.49838384e-01  3.26280000e-03  6.34878383e-01  3.26280000e-03  6.19867416e-01  3.26280000e-03  6.31049879e-01 
 3.27280000e-03  6.49487815e-01  3.27280000e-03  6.34526958e-01  3.27280000e-03  6.20747644e-01  3.27280000e-03  6.28497972e-01 
 3.28280000e-03  6.48941941e-01  3.28280000e-03  6.34039271e-01  3.28280000e-03  6.21545991e-01  3.28280000e-03  6.25833597e-01 
 3.29280000e-03  6.48202916e-01  3.29280000e-03  6.33417246e-01  3.29280000e-03  6.22259306e-01  3.29280000e-03  6.23067268e-01 
 3.30280000e-03  6.47273655e-01  3.30280000e-03  6.32663339e-01  3.30280000e-03  6.22884773e-01  3.30280000e-03  6.20209903e-01 
 3.31280000e-03  6.46157828e-01  3.31280000e-03  6.31780525e-01  3.31280000e-03  6.23419925e-01  3.31280000e-03  6.17272779e-01 
 3.32280000e-03  6.44859836e-01  3.32280000e-03  6.30772287e-01  3.32280000e-03  6.23862649e-01  3.32280000e-03  6.14267487e-01 
 3.33280000e-03  6.43384803e-01  3.33280000e-03  6.29642606e-01  3.33280000e-03  6.24211198e-01  3.33280000e-03  6.11205888e-01 
 3.34280000e-03  6.41738550e-01  3.34280000e-03  6.28395938e-01  3.34280000e-03  6.24464196e-01  3.34280000e-03  6.08100065e-01 
 3.35280000e-03  6.39927574e-01  3.35280000e-03  6.27037205e-01  3.35280000e-03  6.24620645e-01  3.35280000e-03  6.04962274e-01 
 3.36280000e-03  6.37959022e-01  3.36280000e-03  6.25571768e-01  3.36280000e-03  6.24679928e-01  3.36280000e-03  6.01804899e-01 
 3.37280000e-03  6.35840663e-01  3.37280000e-03  6.24005411e-01  3.37280000e-03  6.24641811e-01  3.37280000e-03  5.98640402e-01 
 3.38280000e-03  6.33580857e-01  3.38280000e-03  6.22344316e-01  3.38280000e-03  6.24506443e-01  3.38280000e-03  5.95481270e-01 
 3.39280000e-03  6.31188523e-01  3.39280000e-03  6.20595038e-01  3.39280000e-03  6.24274360e-01  3.39280000e-03  5.92339971e-01 
 3.40280000e-03  6.28673103e-01  3.40280000e-03  6.18764480e-01  3.40280000e-03  6.23946477e-01  3.40280000e-03  5.89228903e-01 
 3.41280000e-03  6.26044522e-01  3.41280000e-03  6.16859868e-01  3.41280000e-03  6.23524088e-01  3.41280000e-03  5.86160344e-01 
 3.42280000e-03  6.23313156e-01  3.42280000e-03  6.14888718e-01  3.42280000e-03  6.23008861e-01  3.42280000e-03  5.83146403e-01 
 3.43280000e-03  6.20489784e-01  3.43280000e-03  6.12858808e-01  3.43280000e-03  6.22402828e-01  3.43280000e-03  5.80198976e-01 
 3.44280000e-03  6.17585547e-01  3.44280000e-03  6.10778151e-01  3.44280000e-03  6.21708381e-01  3.44280000e-03  5.77329694e-01 
 3.45280000e-03  6.14611909e-01  3.45280000e-03  6.08654958e-01  3.45280000e-03  6.20928261e-01  3.45280000e-03  5.74549882e-01 
 3.46280000e-03  6.11580604e-01  3.46280000e-03  6.06497607e-01  3.46280000e-03  6.20065547e-01  3.46280000e-03  5.71870510e-01 
 3.47280000e-03  6.08503595e-01  3.47280000e-03  6.04314613e-01  3.47280000e-03  6.19123643e-01  3.47280000e-03  5.69302152e-01 
 3.48280000e-03  6.05393027e-01  3.48280000e-03  6.02114591e-01  3.48280000e-03  6.18106267e-01  3.48280000e-03  5.66854944e-01 
 3.49280000e-03  6.02261175e-01  3.49280000e-03  5.99906224e-01  3.49280000e-03  6.17017434e-01  3.49280000e-03  5.64538545e-01 
 3.50280000e-03  5.99120399e-01  3.50280000e-03  5.97698228e-01  3.50280000e-03  6.15861441e-01  3.50280000e-03  5.62362096e-01 
 3.51280000e-03  5.95983095e-01  3.51280000e-03  5.95499315e-01  3.51280000e-03  6.14642850e-01  3.51280000e-03  5.60334186e-01 
 3.52280000e-03  5.92861643e-01  3.52280000e-03  5.93318164e-01  3.52280000e-03  6.13366470e-01  3.52280000e-03  5.58462820e-01 
 3.53280000e-03  5.89768364e-01  3.53280000e-03  5.91163384e-01  3.53280000e-03  6.12037339e-01  3.53280000e-03  5.56755382e-01 
 3.54280000e-03  5.86715464e-01  3.54280000e-03  5.89043477e-01  3.54280000e-03  6.10660702e-01  3.54280000e-03  5.55218610e-01 
 3.55280000e-03  5.83714991e-01  3.55280000e-03  5.86966811e-01  3.55280000e-03  6.09241992e-01  3.55280000e-03  5.53858570e-01 
 3.56280000e-03  5.80778789e-01  3.56280000e-03  5.84941581e-01  3.56280000e-03  6.07786808e-01  3.56280000e-03  5.52680629e-01 
 3.57280000e-03  5.77918444e-01  3.57280000e-03  5.82975780e-01  3.57280000e-03  6.06300894e-01  3.57280000e-03  5.51689437e-01 
 3.58280000e-03  5.75145244e-01  3.58280000e-03  5.81077165e-01  3.58280000e-03  6.04790112e-01  3.58280000e-03  5.50888903e-01 
 3.59280000e-03  5.72470135e-01  3.59280000e-03  5.79253231e-01  3.59280000e-03  6.03260426e-01  3.59280000e-03  5.50282189e-01 
 3.60280000e-03  5.69903674e-01  3.60280000e-03  5.77511174e-01  3.60280000e-03  6.01717873e-01  3.60280000e-03  5.49871689e-01 
 3.61280000e-03  5.67455989e-01  3.61280000e-03  5.75857870e-01  3.61280000e-03  6.00168540e-01  3.61280000e-03  5.49659022e-01 
 3.62280000e-03  5.65136740e-01  3.62280000e-03  5.74299845e-01  3.62280000e-03  5.98618542e-01  3.62280000e-03  5.49645028e-01 
 3.63280000e-03  5.62955081e-01  3.63280000e-03  5.72843246e-01  3.63280000e-03  5.97073996e-01  3.63280000e-03  5.49829762e-01 
 3.64280000e-03  5.60919621e-01  3.64280000e-03  5.71493822e-01  3.64280000e-03  5.95540997e-01  3.64280000e-03  5.50212495e-01 
 3.65280000e-03  5.59038394e-01  3.65280000e-03  5.70256900e-01  3.65280000e-03  5.94025596e-01  3.65280000e-03  5.50791716e-01 
 3.66280000e-03  5.57318823e-01  3.66280000e-03  5.69137359e-01  3.66280000e-03  5.92533774e-01  3.66280000e-03  5.51565140e-01 
 3.67280000e-03  5.55767696e-01  3.67280000e-03  5.68139620e-01  3.67280000e-03  5.91071417e-01  3.67280000e-03  5.52529714e-01 
 3.68280000e-03  5.54391133e-01  3.68280000e-03  5.67267619e-01  3.68280000e-03  5.89644297e-01  3.68280000e-03  5.53681632e-01 
 3.69280000e-03  5.53194567e-01  3.69280000e-03  5.66524797e-01  3.69280000e-03  5.88258047e-01  3.69280000e-03  5.55016348e-01 
 3.70280000e-03  5.52182722e-01  3.70280000e-03  5.65914087e-01  3.70280000e-03  5.86918136e-01  3.70280000e-03  5.56528593e-01 
 3.71280000e-03  5.51359589e-01  3.71280000e-03  5.65437899e-01  3.71280000e-03  5.85629854e-01  3.71280000e-03  5.58212400e-01 
 3.72280000e-03  5.50728417e-01  3.72280000e-03  5.65098111e-01  3.72280000e-03  5.84398284e-01  3.72280000e-03  5.60061124e-01 
 3.73280000e-03  5.50291698e-01  3.73280000e-03  5.64896065e-01  3.73280000e-03  5.83228287e-01  3.73280000e-03  5.62067468e-01 
 3.74280000e-03  5.50051155e-01  3.74280000e-03  5.64832558e-01  3.74280000e-03  5.82124480e-01  3.74280000e-03  5.64223514e-01 
 3.75280000e-03  5.50007738e-01  3.75280000e-03  5.64907842e-01  3.75280000e-03  5.81091220e-01  3.75280000e-03  5.66520754e-01 
 3.76280000e-03  5.50161616e-01  3.76280000e-03  5.65121617e-01  3.76280000e-03  5.80132584e-01  3.76280000e-03  5.68950121e-01 
 3.77280000e-03  5.50512185e-01  3.77280000e-03  5.65473042e-01  3.77280000e-03  5.79252356e-01  3.77280000e-03  5.71502028e-01 
 3.78280000e-03  5.51058059e-01  3.78280000e-03  5.65960729e-01  3.78280000e-03  5.78454009e-01  3.78280000e-03  5.74166403e-01 
 3.79280000e-03  5.51797084e-01  3.79280000e-03  5.66582754e-01  3.79280000e-03  5.77740694e-01  3.79280000e-03  5.76932732e-01 
 3.80280000e-03  5.52726345e-01  3.80280000e-03  5.67336661e-01  3.80280000e-03  5.77115227e-01  3.80280000e-03  5.79790097e-01 
 3.81280000e-03  5.53842172e-01  3.81280000e-03  5.68219475e-01  3.81280000e-03  5.76580075e-01  3.81280000e-03  5.82727221e-01 
 3.82280000e-03  5.55140164e-01  3.82280000e-03  5.69227713e-01  3.82280000e-03  5.76137351e-01  3.82280000e-03  5.85732513e-01 
 3.83280000e-03  5.56615197e-01  3.83280000e-03  5.70357394e-01  3.83280000e-03  5.75788802e-01  3.83280000e-03  5.88794112e-01 
 3.84280000e-03  5.58261450e-01  3.84280000e-03  5.71604062e-01  3.84280000e-03  5.75535804e-01  3.84280000e-03  5.91899935e-01 
 3.85280000e-03  5.60072426e-01  3.85280000e-03  5.72962795e-01  3.85280000e-03  5.75379355e-01  3.85280000e-03  5.95037726e-01 
 3.86280000e-03  5.62040978e-01  3.86280000e-03  5.74428232e-01  3.86280000e-03  5.75320072e-01  3.86280000e-03  5.98195101e-01 
 3.87280000e-03  5.64159337e-01  3.87280000e-03  5.75994589e-01  3.87280000e-03  5.75358189e-01  3.87280000e-03  6.01359598e-01 
 3.88280000e-03  5.66419143e-01  3.88280000e-03  5.77655684e-01  3.88280000e-03  5.75493557e-01  3.88280000e-03  6.04518730e-01 
 3.89280000e-03  5.68811477e-01  3.89280000e-03  5.79404962e-01  3.89280000e-03  5.75725640e-01  3.89280000e-03  6.07660029e-01 
 3.90280000e-03  5.71326897e-01  3.90280000e-03  5.81235520e-01  3.90280000e-03  5.76053523e-01  3.90280000e-03  6.10771097e-01 
 3.91280000e-03  5.73955478e-01  3.91280000e-03  5.83140132e-01  3.91280000e-03  5.76475912e-01  3.91280000e-03  6.13839656e-01 
 3.92280000e-03  5.76686844e-01  3.92280000e-03  5.85111282e-01  3.92280000e-03  5.76991139e-01  3.92280000e-03  6.16853597e-01 
 3.93280000e-03  5.79510216e-01  3.93280000e-03  5.87141192e-01  3.93280000e-03  5.77597172e-01  3.93280000e-03  6.19801024e-01 
 3.94280000e-03  5.82414453e-01  3.94280000e-03  5.89221849e-01  3.94280000e-03  5.78291619e-01  3.94280000e-03  6.22670306e-01 
 3.95280000e-03  5.85388091e-01  3.95280000e-03  5.91345042e-01  3.95280000e-03  5.79071739e-01  3.95280000e-03  6.25450118e-01 
 3.96280000e-03  5.88419396e-01  3.96280000e-03  5.93502393e-01  3.96280000e-03  5.79934453e-01  3.96280000e-03  6.28129490e-01 
 3.97280000e-03  5.91496405e-01  3.97280000e-03  5.95685387e-01  3.97280000e-03  5.80876357e-01  3.97280000e-03  6.30697848e-01 
 3.98280000e-03  5.94606973e-01  3.98280000e-03  5.97885409e-01  3.98280000e-03  5.81893733e-01  3.98280000e-03  6.33145056e-01 
 3.99280000e-03  5.97738825e-01  3.99280000e-03  6.00093776e-01  3.99280000e-03  5.82982566e-01  3.99280000e-03  6.35461455e-01 
 4.00280000e-03  6.00879601e-01  4.00280000e-03  6.02301772e-01  4.00280000e-03  5.84138559e-01  4.00280000e-03  6.37637904e-01 
 4.01280000e-03  6.04016905e-01  4.01280000e-03  6.04500685e-01  4.01280000e-03  5.85357150e-01  4.01280000e-03  6.39665814e-01 
 4.02280000e-03  6.07138357e-01  4.02280000e-03  6.06681836e-01  4.02280000e-03  5.86633530e-01  4.02280000e-03  6.41537180e-01 
 4.03280000e-03  6.10231636e-01  4.03280000e-03  6.08836616e-01  4.03280000e-03  5.87962661e-01  4.03280000e-03  6.43244618e-01 
 4.04280000e-03  6.13284536e-01  4.04280000e-03  6.10956523e-01  4.04280000e-03  5.89339298e-01  4.04280000e-03  6.44781390e-01 
 4.05280000e-03  6.16285009e-01  4.05280000e-03  6.13033189e-01  4.05280000e-03  5.90758008e-01  4.05280000e-03  6.46141430e-01 
 4.06280000e-03  6.19221211e-01  4.06280000e-03  6.15058419e-01  4.06280000e-03  5.92213192e-01  4.06280000e-03  6.47319371e-01 
 4.07280000e-03  6.22081556e-01  4.07280000e-03  6.17024220e-01  4.07280000e-03  5.93699106e-01  4.07280000e-03  6.48310563e-01 
 4.08280000e-03  6.24854756e-01  4.08280000e-03  6.18922835e-01  4.08280000e-03  5.95209888e-01  4.08280000e-03  6.49111097e-01 
 4.09280000e-03  6.27529865e-01  4.09280000e-03  6.20746769e-01  4.09280000e-03  5.96739574e-01  4.09280000e-03  6.49717811e-01 
 4.10280000e-03  6.30096326e-01  4.10280000e-03  6.22488826e-01  4.10280000e-03  5.98282127e-01  4.10280000e-03  6.50128311e-01 
 4.11280000e-03  6.32544011e-01  4.11280000e-03  6.24142130e-01  4.11280000e-03  5.99831460e-01  4.11280000e-03  6.50340978e-01 
 4.12280000e-03  6.34863260e-01  4.12280000e-03  6.25700155e-01  4.12280000e-03  6.01381458e-01  4.12280000e-03  6.50354972e-01 
 4.13280000e-03  6.37044919e-01  4.13280000e-03  6.27156754e-01  4.13280000e-03  6.02926004e-01  4.13280000e-03  6.50170238e-01 
 4.14280000e-03  6.39080379e-01  4.14280000e-03  6.28506178e-01  4.14280000e-03  6.04459003e-01  4.14280000e-03  6.49787505e-01 
 4.15280000e-03  6.40961606e-01  4.15280000e-03  6.29743100e-01  4.15280000e-03  6.05974404e-01  4.15280000e-03  6.49208284e-01 
 4.16280000e-03  6.42681177e-01  4.16280000e-03  6.30862641e-01  4.16280000e-03  6.07466226e-01  4.16280000e-03  6.48434860e-01 
 4.17280000e-03  6.44232304e-01  4.17280000e-03  6.31860380e-01  4.17280000e-03  6.08928583e-01  4.17280000e-03  6.47470286e-01 
 4.18280000e-03  6.45608867e-01  4.18280000e-03  6.32732381e-01  4.18280000e-03  6.10355703e-01  4.18280000e-03  6.46318368e-01 
 4.19280000e-03  6.46805433e-01  4.19280000e-03  6.33475203e-01  4.19280000e-03  6.11741953e-01  4.19280000e-03  6.44983652e-01 
 4.20280000e-03  6.47817278e-01  4.20280000e-03  6.34085913e-01  4.20280000e-03  6.13081864e-01  4.20280000e-03  6.43471407e-01 
 4.21280000e-03  6.48640411e-01  4.21280000e-03  6.34562101e-01  4.21280000e-03  6.14370146e-01  4.21280000e-03  6.41787600e-01 
 4.22280000e-03  6.49271583e-01  4.22280000e-03  6.34901889e-01  4.22280000e-03  6.15601716e-01  4.22280000e-03  6.39938876e-01 
 4.23280000e-03  6.49708302e-01  4.23280000e-03  6.35103935e-01  4.23280000e-03  6.16771713e-01  4.23280000e-03  6.37932532e-01 
 4.24280000e-03  6.49948845e-01  4.24280000e-03  6.35167442e-01  4.24280000e-03  6.17875520e-01  4.24280000e-03  6.35776486e-01 
 4.25280000e-03  6.49992262e-01  4.25280000e-03  6.35092158e-01  4.25280000e-03  6.18908780e-01  4.25280000e-03  6.33479246e-01 
 4.26280000e-03  6.49838384e-01  4.26280000e-03  6.34878383e-01  4.26280000e-03  6.19867416e-01  4.26280000e-03  6.31049879e-01 
 4.27280000e-03  6.49487815e-01  4.27280000e-03  6.34526958e-01  4.27280000e-03  6.20747644e-01  4.27280000e-03  6.28497972e-01 
 4.28280000e-03  6.48941941e-01  4.28280000e-03  6.34039271e-01  4.28280000e-03  6.21545991e-01  4.28280000e-03  6.25833597e-01 
 4.29280000e-03  6.48202916e-01  4.29280000e-03  6.33417246e-01  4.29280000e-03  6.22259306e-01  4.29280000e-03  6.23067268e-01 
 4.30280000e-03  6.47273655e-01  4.30280000e-03  6.32663339e-01  4.30280000e-03  6.22884773e-01  4.30280000e-03  6.20209903e-01 
 4.31280000e-03  6.46157828e-01  4.31280000e-03  6.31780525e-01  4.31280000e-03  6.23419925e-01  4.31280000e-03  6.17272779e-01 
 4.32280000e-03  6.44859836e-01  4.32280000e-03  6.30772287e-01  4.32280000e-03  6.23862649e-01  4.32280000e-03  6.14267487e-01 
 4.33280000e-03  6.43384803e-01  4.33280000e-03  6.29642606e-01  4.33280000e-03  6.24211198e-01  4.33280000e-03  6.11205888e-01 
 4.34280000e-03  6.41738550e-01  4.34280000e-03  6.28395938e-01  4.34280000e-03  6.24464196e-01  4.34280000e-03  6.08100065e-01 
 4.35280000e-03  6.39927574e-01  4.35280000e-03  6.27037205e-01  4.35280000e-03  6.24620645e-01  4.35280000e-03  6.04962274e-01 
 4.36280000e-03  6.37959022e-01  4.36280000e-03  6.25571768e-01  4.36280000e-03  6.24679928e-01  4.36280000e-03  6.01804899e-01 
 4.37280000e-03  6.35840663e-01  4.37280000e-03  6.24005411e-01  4.37280000e-03  6.24641811e-01  4.37280000e-03  5.98640402e-01 
 4.38280000e-03  6.33580857e-01  4.38280000e-03  6.22344316e-01  4.38280000e-03  6.24506443e-01  4.38280000e-03  5.95481270e-01 
 4.39280000e-03  6.31188523e-01  4.39280000e-03  6.20595038e-01  4.39280000e-03  6.24274360e-01  4.39280000e-03  5.92339971e-01 
 4.40280000e-03  6.28673103e-01  4.40280000e-03  6.18764480e-01  4.40280000e-03  6.23946477e-01  4.40280000e-03  5.89228903e-01 
 4.41280000e-03  6.26044522e-01  4.41280000e-03  6.16859868e-01  4.41280000e-03  6.23524088e-01  4.41280000e-03  5.86160344e-01 
 4.42280000e-03  6.23313156e-01  4.42280000e-03  6.14888718e-01  4.42280000e-03  6.23008861e-01  4.42280000e-03  5.83146403e-01 
 4.43280000e-03  6.20489784e-01  4.43280000e-03  6.12858808e-01  4.43280000e-03  6.22402828e-01  4.43280000e-03  5.80198976e-01 
 4.44280000e-03  6.17585547e-01  4.44280000e-03  6.10778151e-01  4.44280000e-03  6.21708381e-01  4.44280000e-03  5.77329694e-01 
 4.45280000e-03  6.14611909e-01  4.45280000e-03  6.08654958e-01  4.45280000e-03  6.20928261e-01  4.45280000e-03  5.74549882e-01 
 4.46280000e-03  6.11580604e-01  4.46280000e-03  6.06497607e-01  4.46280000e-03  6.20065547e-01  4.46280000e-03  5.71870510e-01 
 4.47280000e-03  6.08503595e-01  4.47280000e-03  6.04314613e-01  4.47280000e-03  6.19123643e-01  4.47280000e-03  5.69302152e-01 
 4.48280000e-03  6.05393027e-01  4.48280000e-03  6.02114591e-01  4.48280000e-03  6.18106267e-01  4.48280000e-03  5.66854944e-01 
 4.49280000e-03  6.02261175e-01  4.49280000e-03  5.99906224e-01  4.49280000e-03  6.17017434e-01  4.49280000e-03  5.64538545e-01 
 4.50280000e-03  5.99120399e-01  4.50280000e-03  5.97698228e-01  4.50280000e-03  6.15861441e-01  4.50280000e-03  5.62362096e-01 
 4.51280000e-03  5.95983095e-01  4.51280000e-03  5.95499315e-01  4.51280000e-03  6.14642850e-01  4.51280000e-03  5.60334186e-01 
 4.52280000e-03  5.92861643e-01  4.52280000e-03  5.93318164e-01  4.52280000e-03  6.13366470e-01  4.52280000e-03  5.58462820e-01 
 4.53280000e-03  5.89768364e-01  4.53280000e-03  5.91163384e-01  4.53280000e-03  6.12037339e-01  4.53280000e-03  5.56755382e-01 
 4.54280000e-03  5.86715464e-01  4.54280000e-03  5.89043477e-01  4.54280000e-03  6.10660702e-01  4.54280000e-03  5.55218610e-01 
 4.55280000e-03  5.83714991e-01  4.55280000e-03  5.86966811e-01  4.55280000e-03  6.09241992e-01  4.55280000e-03  5.53858570e-01 
 4.56280000e-03  5.80778789e-01  4.56280000e-03  5.84941581e-01  4.56280000e-03  6.07786808e-01  4.56280000e-03  5.52680629e-01 
 4.57280000e-03  5.77918444e-01  4.57280000e-03  5.82975780e-01  4.57280000e-03  6.06300894e-01  4.57280000e-03  5.51689437e-01 
 4.58280000e-03  5.75145244e-01  4.58280000e-03  5.81077165e-01  4.58280000e-03  6.04790112e-01  4.58280000e-03  5.50888903e-01 
 4.59280000e-03  5.72470135e-01  4.59280000e-03  5.79253231e-01  4.59280000e-03  6.03260426e-01  4.59280000e-03  5.50282189e-01 
 4.60280000e-03  5.69903674e-01  4.60280000e-03  5.77511174e-01  4.60280000e-03  6.01717873e-01  4.60280000e-03  5.49871689e-01 
 4.61280000e-03  5.67455989e-01  4.61280000e-03  5.75857870e-01  4.61280000e-03  6.00168540e-01  4.61280000e-03  5.49659022e-01 
 4.62280000e-03  5.65136740e-01  4.62280000e-03  5.74299845e-01  4.62280000e-03  5.98618542e-01  4.62280000e-03  5.49645028e-01 
 4.63280000e-03  5.62955081e-01  4.63280000e-03  5.72843246e-01  4.63280000e-03  5.97073996e-01  4.63280000e-03  5.49829762e-01 
 4.64280000e-03  5.60919621e-01  4.64280000e-03  5.71493822e-01  4.64280000e-03  5.95540997e-01  4.64280000e-03  5.50212495e-01 
 4.65280000e-03  5.59038394e-01  4.65280000e-03  5.70256900e-01  4.65280000e-03  5.94025596e-01  4.65280000e-03  5.50791716e-01 
 4.66280000e-03  5.57318823e-01  4.66280000e-03  5.69137359e-01  4.66280000e-03  5.92533774e-01  4.66280000e-03  5.51565140e-01 
 4.67280000e-03  5.55767696e-01  4.67280000e-03  5.68139620e-01  4.67280000e-03  5.91071417e-01  4.67280000e-03  5.52529714e-01 
 4.68280000e-03  5.54391133e-01  4.68280000e-03  5.67267619e-01  4.68280000e-03  5.89644297e-01  4.68280000e-03  5.53681632e-01 
 4.69280000e-03  5.53194567e-01  4.69280000e-03  5.66524797e-01  4.69280000e-03  5.88258047e-01  4.69280000e-03  5.55016348e-01 
 4.70280000e-03  5.52182722e-01  4.70280000e-03  5.65914087e-01  4.70280000e-03  5.86918136e-01  4.70280000e-03  5.56528593e-01 
 4.71280000e-03  5.51359589e-01  4.71280000e-03  5.65437899e-01  4.71280000e-03  5.85629854e-01  4.71280000e-03  5.58212400e-01 
 4.72280000e-03  5.50728417e-01  4.72280000e-03  5.65098111e-01  4.72280000e-03  5.84398284e-01  4.72280000e-03  5.60061124e-01 
 4.73280000e-03  5.50291698e-01  4.73280000e-03  5.64896065e-01  4.73280000e-03  5.83228287e-01  4.73280000e-03  5.62067468e-01 
 4.74280000e-03  5.50051155e-01  4.74280000e-03  5.64832558e-01  4.74280000e-03  5.82124480e-01  4.74280000e-03  5.64223514e-01 
 4.75280000e-03  5.50007738e-01  4.75280000e-03  5.64907842e-01  4.75280000e-03  5.81091220e-01  4.75280000e-03  5.66520754e-01 
 4.76280000e-03  5.50161616e-01  4.76280000e-03  5.65121617e-01  4.76280000e-03  5.80132584e-01  4.76280000e-03  5.68950121e-01 
 4.77280000e-03  5.50512185e-01  4.77280000e-03  5.65473042e-01  4.77280000e-03  5.79252356e-01  4.77280000e-03  5.71502028e-01 
 4.78280000e-03  5.51058059e-01  4.78280000e-03  5.65960729e-01  4.78280000e-03  5.78454009e-01  4.78280000e-03  5.74166403e-01 
 4.79280000e-03  5.51797084e-01  4.79280000e-03  5.66582754e-01  4.79280000e-03  5.77740694e-01  4.79280000e-03  5.76932732e-01 
 4.80280000e-03  5.52726345e-01  4.80280000e-03  5.67336661e-01  4.80280000e-03  5.77115227e-01  4.80280000e-03  5.79790097e-01 
 4.81280000e-03  5.53842172e-01  4.81280000e-03  5.68219475e-01  4.81280000e-03  5.76580075e-01  4.81280000e-03  5.82727221e-01 
 4.82280000e-03  5.55140164e-01  4.82280000e-03  5.69227713e-01  4.82280000e-03  5.76137351e-01  4.82280000e-03  5.85732513e-01 
 4.83280000e-03  5.56615197e-01  4.83280000e-03  5.70357394e-01  4.83280000e-03  5.75788802e-01  4.83280000e-03  5.88794112e-01 
 4.84280000e-03  5.58261450e-01  4.84280000e-03  5.71604062e-01  4.84280000e-03  5.75535804e-01  4.84280000e-03  5.91899935e-01 
 4.85280000e-03  5.60072426e-01  4.85280000e-03  5.72962795e-01  4.85280000e-03  5.75379355e-01  4.85280000e-03  5.95037726e-01 
 4.86280000e-03  5.62040978e-01  4.86280000e-03  5.74428232e-01  4.86280000e-03  5.75320072e-01  4.86280000e-03  5.98195101e-01 
 4.87280000e-03  5.64159337e-01  4.87280000e-03  5.75994589e-01  4.87280000e-03  5.75358189e-01  4.87280000e-03  6.01359598e-01 
 4.88280000e-03  5.66419143e-01  4.88280000e-03  5.77655684e-01  4.88280000e-03  5.75493557e-01  4.88280000e-03  6.04518730e-01 
 4.89280000e-03  5.68811477e-01  4.89280000e-03  5.79404962e-01  4.89280000e-03  5.75725640e-01  4.89280000e-03  6.07660029e-01 
 4.90280000e-03  5.71326897e-01  4.90280000e-03  5.81235520e-01  4.90280000e-03  5.76053523e-01  4.90280000e-03  6.10771097e-01 
 4.91280000e-03  5.73955478e-01  4.91280000e-03  5.83140132e-01  4.91280000e-03  5.76475912e-01  4.91280000e-03  6.13839656e-01 
 4.92280000e-03  5.76686844e-01  4.92280000e-03  5.85111282e-01  4.92280000e-03  5.76991139e-01  4.92280000e-03  6.16853597e-01 
 4.93280000e-03  5.79510216e-01  4.93280000e-03  5.87141192e-01  4.93280000e-03  5.77597172e-01  4.93280000e-03  6.19801024e-01 
 4.94280000e-03  5.82414453e-01  4.94280000e-03  5.89221849e-01  4.94280000e-03  5.78291619e-01  4.94280000e-03  6.22670306e-01 
 4.95280000e-03  5.85388091e-01  4.95280000e-03  5.91345042e-01  4.95280000e-03  5.79071739e-01  4.95280000e-03  6.25450118e-01 
 4.96280000e-03  5.88419396e-01  4.96280000e-03  5.93502393e-01  4.96280000e-03  5.79934453e-01  4.96280000e-03  6.28129490e-01 
 4.97280000e-03  5.91496405e-01  4.97280000e-03  5.95685387e-01  4.97280000e-03  5.80876357e-01  4.97280000e-03  6.30697848e-01 
 4.98280000e-03  5.94606973e-01  4.98280000e-03  5.97885409e-01  4.98280000e-03  5.81893733e-01  4.98280000e-03  6.33145056e-01 
 4.99280000e-03  5.97738825e-01  4.99280000e-03  6.00093776e-01  4.99280000e-03  5.82982566e-01  4.99280000e-03  6.35461455e-01 
 5.00000000e-03  6.00000000e-01  5.00000000e-03  6.01684308e-01  5.00000000e-03  5.83808503e-01  5.00000000e-03  6.37042507e-01 
