 0.00000000e+00  6.02352941e-01  0.00000000e+00  5.99939765e-01  0.00000000e+00  5.97647059e-01 
 1.00000000e-07  6.02352941e-01  1.00000000e-07  5.99939765e-01  1.00000000e-07  5.97647059e-01 
 2.00000000e-07  6.02352941e-01  2.00000000e-07  5.99939765e-01  2.00000000e-07  5.97647059e-01 
 4.00000000e-07  6.02352941e-01  4.00000000e-07  5.99939765e-01  4.00000000e-07  5.97647059e-01 
 8.00000000e-07  6.07058824e-01  8.00000000e-07  5.99933899e-01  8.00000000e-07  5.97647059e-01 
 1.60000000e-06  6.07058824e-01  1.60000000e-06  5.99910669e-01  1.60000000e-06  5.97647059e-01 
 3.20000000e-06  6.11764706e-01  3.20000000e-06  5.99842465e-01  3.20000000e-06  5.97647059e-01 
 6.40000000e-06  6.21176471e-01  6.40000000e-06  5.99577966e-01  6.40000000e-06  5.97647059e-01 
 1.28000000e-05  6.40000000e-01  1.28000000e-05  5.98584674e-01  1.28000000e-05  5.97647059e-01 
 2.28000000e-05  6.68235294e-01  2.28000000e-05  5.96011921e-01  2.28000000e-05  5.97647059e-01 
 3.28000000e-05  6.96470588e-01  3.28000000e-05  5.92454990e-01  3.28000000e-05  5.92941176e-01 
 4.28000000e-05  7.29411765e-01  4.28000000e-05  5.88014381e-01  4.28000000e-05  5.88235294e-01 
 5.28000000e-05  7.57647059e-01  5.28000000e-05  5.82902166e-01  5.28000000e-05  5.83529412e-01 
 6.28000000e-05  7.81176471e-01  6.28000000e-05  5.77547282e-01  6.28000000e-05  5.78823529e-01 
 7.28000000e-05  8.09411765e-01  7.28000000e-05  5.72022369e-01  7.28000000e-05  5.74117647e-01 
 8.28000000e-05  8.37647059e-01  8.28000000e-05  5.66253643e-01  8.28000000e-05  5.64705882e-01 
 9.28000000e-05  8.61176471e-01  9.28000000e-05  5.60446293e-01  9.28000000e-05  5.60000000e-01 
 1.02800000e-04  8.84705882e-01  1.02800000e-04  5.54759992e-01  1.02800000e-04  5.55294118e-01 
 1.12800000e-04  9.08235294e-01  1.12800000e-04  5.49187612e-01  1.12800000e-04  5.50588235e-01 
 1.22800000e-04  9.31764706e-01  1.22800000e-04  5.43723212e-01  1.22800000e-04  5.45882353e-01 
 1.32800000e-04  9.50588235e-01  1.32800000e-04  5.38492654e-01  1.32800000e-04  5.36470588e-01 
 1.42800000e-04  9.69411765e-01  1.42800000e-04  5.33592979e-01  1.42800000e-04  5.31764706e-01 
 1.52800000e-04  9.88235294e-01  1.52800000e-04  5.28967634e-01  1.52800000e-04  5.27058824e-01 
 1.62800000e-04  1.00235294e+00  1.62800000e-04  5.24702547e-01  1.62800000e-04  5.22352941e-01 
 1.72800000e-04  1.01647059e+00  1.72800000e-04  5.20863271e-01  1.72800000e-04  5.22352941e-01 
 1.82800000e-04  1.03058824e+00  1.82800000e-04  5.17368440e-01  1.82800000e-04  5.17647059e-01 
 1.92800000e-04  1.04470588e+00  1.92800000e-04  5.14153587e-01  1.92800000e-04  5.12941176e-01 
 2.02800000e-04  1.05411765e+00  2.02800000e-04  5.11298471e-01  2.02800000e-04  5.12941176e-01 
 2.12800000e-04  1.05882353e+00  2.12800000e-04  5.08994708e-01  2.12800000e-04  5.08235294e-01 
 2.22800000e-04  1.06823529e+00  2.22800000e-04  5.07127649e-01  2.22800000e-04  5.08235294e-01 
 2.32800000e-04  1.06823529e+00  2.32800000e-04  5.05737489e-01  2.32800000e-04  5.03529412e-01 
 2.42800000e-04  1.07294118e+00  2.42800000e-04  5.04853819e-01  2.42800000e-04  5.03529412e-01 
 2.52800000e-04  1.07294118e+00  2.52800000e-04  5.04367027e-01  2.52800000e-04  5.03529412e-01 
 2.62800000e-04  1.07294118e+00  2.62800000e-04  5.04321360e-01  2.62800000e-04  5.03529412e-01 
 2.72800000e-04  1.06823529e+00  2.72800000e-04  5.04749687e-01  2.72800000e-04  5.03529412e-01 
 2.82800000e-04  1.06352941e+00  2.82800000e-04  5.05675911e-01  2.82800000e-04  5.03529412e-01 
 2.92800000e-04  1.05411765e+00  2.92800000e-04  5.07116884e-01  2.92800000e-04  5.08235294e-01 
 3.02800000e-04  1.04941176e+00  3.02800000e-04  5.08953060e-01  3.02800000e-04  5.08235294e-01 
 3.12800000e-04  1.03529412e+00  3.12800000e-04  5.11220971e-01  3.12800000e-04  5.12941176e-01 
 3.22800000e-04  1.02588235e+00  3.22800000e-04  5.13947514e-01  3.22800000e-04  5.12941176e-01 
 3.32800000e-04  1.01176471e+00  3.32800000e-04  5.17021154e-01  3.32800000e-04  5.17647059e-01 
 3.42800000e-04  9.92941176e-01  3.42800000e-04  5.20615669e-01  3.42800000e-04  5.22352941e-01 
 3.52800000e-04  9.78823529e-01  3.52800000e-04  5.24602651e-01  3.52800000e-04  5.22352941e-01 
 3.62800000e-04  9.60000000e-01  3.62800000e-04  5.28880894e-01  3.62800000e-04  5.27058824e-01 
 3.72800000e-04  9.41176471e-01  3.72800000e-04  5.33501550e-01  3.72800000e-04  5.31764706e-01 
 3.82800000e-04  9.17647059e-01  3.82800000e-04  5.38503197e-01  3.82800000e-04  5.36470588e-01 
 3.92800000e-04  8.94117647e-01  3.92800000e-04  5.43914506e-01  3.92800000e-04  5.45882353e-01 
 4.02800000e-04  8.70588235e-01  4.02800000e-04  5.49625483e-01  4.02800000e-04  5.50588235e-01 
 4.12800000e-04  8.47058824e-01  4.12800000e-04  5.55549566e-01  4.12800000e-04  5.55294118e-01 
 4.22800000e-04  8.23529412e-01  4.22800000e-04  5.61618709e-01  4.22800000e-04  5.60000000e-01 
 4.32800000e-04  7.95294118e-01  4.32800000e-04  5.67910356e-01  4.32800000e-04  5.69411765e-01 
 4.42800000e-04  7.67058824e-01  4.42800000e-04  5.74483944e-01  4.42800000e-04  5.74117647e-01 
 4.52800000e-04  7.38823529e-01  4.52800000e-04  5.81253850e-01  4.52800000e-04  5.83529412e-01 
 4.62800000e-04  7.10588235e-01  4.62800000e-04  5.88152819e-01  4.62800000e-04  5.88235294e-01 
 4.72800000e-04  6.82352941e-01  4.72800000e-04  5.95128109e-01  4.72800000e-04  5.92941176e-01 
 4.82800000e-04  6.54117647e-01  4.82800000e-04  6.02138445e-01  4.82800000e-04  6.02352941e-01 
 4.92800000e-04  6.25882353e-01  4.92800000e-04  6.09151616e-01  4.92800000e-04  6.07058824e-01 
 5.02800000e-04  5.92941176e-01  5.02800000e-04  6.16273422e-01  5.02800000e-04  6.16470588e-01 
 5.12800000e-04  5.64705882e-01  5.12800000e-04  6.23454890e-01  5.12800000e-04  6.21176471e-01 
 5.22800000e-04  5.36470588e-01  5.22800000e-04  6.30526880e-01  5.22800000e-04  6.30588235e-01 
 5.32800000e-04  5.08235294e-01  5.32800000e-04  6.37489121e-01  5.32800000e-04  6.35294118e-01 
 5.42800000e-04  4.75294118e-01  5.42800000e-04  6.44472639e-01  5.42800000e-04  6.44705882e-01 
 5.52800000e-04  4.47058824e-01  5.52800000e-04  6.51448380e-01  5.52800000e-04  6.49411765e-01 
 5.62800000e-04  4.23529412e-01  5.62800000e-04  6.58132070e-01  5.62800000e-04  6.58823529e-01 
 5.72800000e-04  3.95294118e-01  5.72800000e-04  6.64565411e-01  5.72800000e-04  6.63529412e-01 
 5.82800000e-04  3.67058824e-01  5.82800000e-04  6.70912554e-01  5.82800000e-04  6.72941176e-01 
 5.92800000e-04  3.43529412e-01  5.92800000e-04  6.77039717e-01  5.92800000e-04  6.77647059e-01 
 6.02800000e-04  3.20000000e-01  6.02800000e-04  6.82843651e-01  6.02800000e-04  6.82352941e-01 
 6.12800000e-04  2.96470588e-01  6.12800000e-04  6.88376059e-01  6.12800000e-04  6.87058824e-01 
 6.22800000e-04  2.72941176e-01  6.22800000e-04  6.93678085e-01  6.22800000e-04  6.91764706e-01 
 6.32800000e-04  2.54117647e-01  6.32800000e-04  6.98651669e-01  6.32800000e-04  6.96470588e-01 
 6.42800000e-04  2.35294118e-01  6.42800000e-04  7.03221709e-01  6.42800000e-04  7.01176471e-01 
 6.52800000e-04  2.16470588e-01  6.52800000e-04  7.07462076e-01  6.52800000e-04  7.05882353e-01 
 6.62800000e-04  2.02352941e-01  6.62800000e-04  7.11300497e-01  6.62800000e-04  7.10588235e-01 
 6.72800000e-04  1.88235294e-01  6.72800000e-04  7.14682178e-01  6.72800000e-04  7.15294118e-01 
 6.82800000e-04  1.74117647e-01  6.82800000e-04  7.17696964e-01  6.82800000e-04  7.20000000e-01 
 6.92800000e-04  1.60000000e-01  6.92800000e-04  7.20415987e-01  6.92800000e-04  7.20000000e-01 
 7.02800000e-04  1.50588235e-01  7.02800000e-04  7.22764728e-01  7.02800000e-04  7.24705882e-01 
 7.12800000e-04  1.45882353e-01  7.12800000e-04  7.24555682e-01  7.12800000e-04  7.24705882e-01 
 7.22800000e-04  1.36470588e-01  7.22800000e-04  7.25906717e-01  7.22800000e-04  7.24705882e-01 
 7.32800000e-04  1.36470588e-01  7.32800000e-04  7.26780149e-01  7.32800000e-04  7.24705882e-01 
 7.42800000e-04  1.31764706e-01  7.42800000e-04  7.27148346e-01  7.42800000e-04  7.29411765e-01 
 7.52800000e-04  1.31764706e-01  7.52800000e-04  7.27122435e-01  7.52800000e-04  7.29411765e-01 
 7.62800000e-04  1.31764706e-01  7.62800000e-04  7.26659340e-01  7.62800000e-04  7.24705882e-01 
 7.72800000e-04  1.36470588e-01  7.72800000e-04  7.25727088e-01  7.72800000e-04  7.24705882e-01 
 7.82800000e-04  1.41176471e-01  7.82800000e-04  7.24302455e-01  7.82800000e-04  7.24705882e-01 
 7.92800000e-04  1.50588235e-01  7.92800000e-04  7.22369098e-01  7.92800000e-04  7.24705882e-01 
 8.02800000e-04  1.55294118e-01  8.02800000e-04  7.20046938e-01  8.02800000e-04  7.20000000e-01 
 8.12800000e-04  1.69411765e-01  8.12800000e-04  7.17299714e-01  8.12800000e-04  7.15294118e-01 
 8.22800000e-04  1.78823529e-01  8.22800000e-04  7.14100712e-01  8.22800000e-04  7.15294118e-01 
 8.32800000e-04  1.92941176e-01  8.32800000e-04  7.10561590e-01  8.32800000e-04  7.10588235e-01 
 8.42800000e-04  2.11764706e-01  8.42800000e-04  7.06508639e-01  8.42800000e-04  7.05882353e-01 
 8.52800000e-04  2.25882353e-01  8.52800000e-04  7.02070296e-01  8.52800000e-04  7.01176471e-01 
 8.62800000e-04  2.44705882e-01  8.62800000e-04  6.97347766e-01  8.62800000e-04  6.96470588e-01 
 8.72800000e-04  2.63529412e-01  8.72800000e-04  6.92289871e-01  8.72800000e-04  6.91764706e-01 
 8.82800000e-04  2.87058824e-01  8.82800000e-04  6.86857987e-01  8.82800000e-04  6.87058824e-01 
 8.92800000e-04  3.10588235e-01  8.92800000e-04  6.81023387e-01  8.92800000e-04  6.82352941e-01 
 9.02800000e-04  3.34117647e-01  9.02800000e-04  6.74895992e-01  9.02800000e-04  6.72941176e-01 
 9.12800000e-04  3.57647059e-01  9.12800000e-04  6.68562285e-01  9.12800000e-04  6.68235294e-01 
 9.22800000e-04  3.81176471e-01  9.22800000e-04  6.62090230e-01  9.22800000e-04  6.63529412e-01 
 9.32800000e-04  4.09411765e-01  9.32800000e-04  6.55402292e-01  9.32800000e-04  6.54117647e-01 
 9.42800000e-04  4.37647059e-01  9.42800000e-04  6.48438942e-01  9.42800000e-04  6.49411765e-01 
 9.52800000e-04  4.65882353e-01  9.52800000e-04  6.41285707e-01  9.52800000e-04  6.40000000e-01 
 9.62800000e-04  4.94117647e-01  9.62800000e-04  6.34009748e-01  9.62800000e-04  6.35294118e-01 
 9.72800000e-04  5.22352941e-01  9.72800000e-04  6.26663710e-01  9.72800000e-04  6.25882353e-01 
 9.82800000e-04  5.50588235e-01  9.82800000e-04  6.19288770e-01  9.82800000e-04  6.21176471e-01 
 9.92800000e-04  5.78823529e-01  9.92800000e-04  6.11917042e-01  9.92800000e-04  6.11764706e-01 
 1.00280000e-03  6.11764706e-01  1.00280000e-03  6.04442631e-01  1.00280000e-03  6.02352941e-01 
 1.01280000e-03  6.40000000e-01  1.01280000e-03  5.96914414e-01  1.01280000e-03  5.97647059e-01 
 1.02280000e-03  6.68235294e-01  1.02280000e-03  5.89501435e-01  1.02280000e-03  5.88235294e-01 
 1.03280000e-03  6.96470588e-01  1.03280000e-03  5.82203873e-01  1.03280000e-03  5.83529412e-01 
 1.04280000e-03  7.29411765e-01  1.04280000e-03  5.74890609e-01  1.04280000e-03  5.74117647e-01 
 1.05280000e-03  7.57647059e-01  1.05280000e-03  5.67590605e-01  1.05280000e-03  5.69411765e-01 
 1.06280000e-03  7.81176471e-01  1.06280000e-03  5.60588044e-01  1.06280000e-03  5.60000000e-01 
 1.07280000e-03  8.09411765e-01  1.07280000e-03  5.53841137e-01  1.07280000e-03  5.55294118e-01 
 1.08280000e-03  8.37647059e-01  1.08280000e-03  5.47185644e-01  1.08280000e-03  5.45882353e-01 
 1.09280000e-03  8.61176471e-01  1.09280000e-03  5.40755261e-01  1.09280000e-03  5.41176471e-01 
 1.10280000e-03  8.84705882e-01  1.10280000e-03  5.34653152e-01  1.10280000e-03  5.36470588e-01 
 1.11280000e-03  9.08235294e-01  1.11280000e-03  5.28827532e-01  1.11280000e-03  5.27058824e-01 
 1.12280000e-03  9.31764706e-01  1.12280000e-03  5.23237171e-01  1.12280000e-03  5.22352941e-01 
 1.13280000e-03  9.50588235e-01  1.13280000e-03  5.17980052e-01  1.13280000e-03  5.17647059e-01 
 1.14280000e-03  9.69411765e-01  1.14280000e-03  5.13131194e-01  1.14280000e-03  5.12941176e-01 
 1.15280000e-03  9.88235294e-01  1.15280000e-03  5.08616650e-01  1.15280000e-03  5.08235294e-01 
 1.16280000e-03  1.00235294e+00  1.16280000e-03  5.04508615e-01  1.16280000e-03  5.03529412e-01 
 1.17280000e-03  1.01647059e+00  1.17280000e-03  5.00861807e-01  1.17280000e-03  4.98823529e-01 
 1.18280000e-03  1.03058824e+00  1.18280000e-03  4.97586306e-01  1.18280000e-03  4.98823529e-01 
 1.19280000e-03  1.04470588e+00  1.19280000e-03  4.94610908e-01  1.19280000e-03  4.94117647e-01 
 1.20280000e-03  1.05411765e+00  1.20280000e-03  4.92010059e-01  1.20280000e-03  4.94117647e-01 
 1.21280000e-03  1.05882353e+00  1.21280000e-03  4.89971191e-01  1.21280000e-03  4.89411765e-01 
 1.22280000e-03  1.06823529e+00  1.22280000e-03  4.88376370e-01  1.22280000e-03  4.89411765e-01 
 1.23280000e-03  1.06823529e+00  1.23280000e-03  4.87263209e-01  1.23280000e-03  4.89411765e-01 
 1.24280000e-03  1.07294118e+00  1.24280000e-03  4.86659273e-01  1.24280000e-03  4.84705882e-01 
 1.25280000e-03  1.07294118e+00  1.25280000e-03  4.86453367e-01  1.25280000e-03  4.84705882e-01 
 1.26280000e-03  1.07294118e+00  1.26280000e-03  4.86688505e-01  1.26280000e-03  4.84705882e-01 
 1.27280000e-03  1.06823529e+00  1.27280000e-03  4.87396594e-01  1.27280000e-03  4.89411765e-01 
 1.28280000e-03  1.06352941e+00  1.28280000e-03  4.88600795e-01  1.28280000e-03  4.89411765e-01 
 1.29280000e-03  1.05411765e+00  1.29280000e-03  4.90317388e-01  1.29280000e-03  4.89411765e-01 
 1.30280000e-03  1.04941176e+00  1.30280000e-03  4.92426392e-01  1.30280000e-03  4.94117647e-01 
 1.31280000e-03  1.03529412e+00  1.31280000e-03  4.94964008e-01  1.31280000e-03  4.94117647e-01 
 1.32280000e-03  1.02588235e+00  1.32280000e-03  4.97956890e-01  1.32280000e-03  4.98823529e-01 
 1.33280000e-03  1.01176471e+00  1.33280000e-03  5.01293323e-01  1.33280000e-03  5.03529412e-01 
 1.34280000e-03  9.92941176e-01  1.34280000e-03  5.05146959e-01  1.34280000e-03  5.03529412e-01 
 1.35280000e-03  9.78823529e-01  1.35280000e-03  5.09389304e-01  1.35280000e-03  5.08235294e-01 
 1.36280000e-03  9.60000000e-01  1.36280000e-03  5.13919098e-01  1.36280000e-03  5.12941176e-01 
 1.37280000e-03  9.41176471e-01  1.37280000e-03  5.18787465e-01  1.37280000e-03  5.17647059e-01 
 1.38280000e-03  9.17647059e-01  1.38280000e-03  5.24032974e-01  1.38280000e-03  5.22352941e-01 
 1.39280000e-03  8.94117647e-01  1.39280000e-03  5.29684303e-01  1.39280000e-03  5.31764706e-01 
 1.40280000e-03  8.70588235e-01  1.40280000e-03  5.35631477e-01  1.40280000e-03  5.36470588e-01 
 1.41280000e-03  8.47058824e-01  1.41280000e-03  5.41787962e-01  1.41280000e-03  5.41176471e-01 
 1.42280000e-03  8.23529412e-01  1.42280000e-03  5.48085745e-01  1.42280000e-03  5.45882353e-01 
 1.43280000e-03  7.95294118e-01  1.43280000e-03  5.54602311e-01  1.43280000e-03  5.55294118e-01 
 1.44280000e-03  7.67058824e-01  1.44280000e-03  5.61397142e-01  1.44280000e-03  5.60000000e-01 
 1.45280000e-03  7.38823529e-01  1.45280000e-03  5.68384662e-01  1.45280000e-03  5.69411765e-01 
 1.46280000e-03  7.10588235e-01  1.46280000e-03  5.75497664e-01  1.46280000e-03  5.74117647e-01 
 1.47280000e-03  6.82352941e-01  1.47280000e-03  5.82683458e-01  1.47280000e-03  5.83529412e-01 
 1.48280000e-03  6.54117647e-01  1.48280000e-03  5.89900822e-01  1.48280000e-03  5.88235294e-01 
 1.49280000e-03  6.25882353e-01  1.49280000e-03  5.97117595e-01  1.49280000e-03  5.97647059e-01 
 1.50280000e-03  5.92941176e-01  1.50280000e-03  6.04439630e-01  1.50280000e-03  6.02352941e-01 
 1.51280000e-03  5.64705882e-01  1.51280000e-03  6.11818008e-01  1.51280000e-03  6.11764706e-01 
 1.52280000e-03  5.36470588e-01  1.52280000e-03  6.19083641e-01  1.52280000e-03  6.21176471e-01 
 1.53280000e-03  5.08235294e-01  1.53280000e-03  6.26236310e-01  1.53280000e-03  6.25882353e-01 
 1.54280000e-03  4.75294118e-01  1.54280000e-03  6.33407093e-01  1.54280000e-03  6.35294118e-01 
 1.55280000e-03  4.47058824e-01  1.55280000e-03  6.40566987e-01  1.55280000e-03  6.40000000e-01 
 1.56280000e-03  4.23529412e-01  1.56280000e-03  6.47431770e-01  1.56280000e-03  6.49411765e-01 
 1.57280000e-03  3.95294118e-01  1.57280000e-03  6.54043192e-01  1.57280000e-03  6.54117647e-01 
 1.58280000e-03  3.67058824e-01  1.58280000e-03  6.60565455e-01  1.58280000e-03  6.58823529e-01 
 1.59280000e-03  3.43529412e-01  1.59280000e-03  6.66864825e-01  1.59280000e-03  6.68235294e-01 
 1.60280000e-03  3.20000000e-01  1.60280000e-03  6.72838102e-01  1.60280000e-03  6.72941176e-01 
 1.61280000e-03  2.96470588e-01  1.61280000e-03  6.78537035e-01  1.61280000e-03  6.77647059e-01 
 1.62280000e-03  2.72941176e-01  1.62280000e-03  6.84002816e-01  1.62280000e-03  6.82352941e-01 
 1.63280000e-03  2.54117647e-01  1.63280000e-03  6.89137430e-01  1.63280000e-03  6.87058824e-01 
 1.64280000e-03  2.35294118e-01  1.64280000e-03  6.93865821e-01  1.64280000e-03  6.91764706e-01 
 1.65280000e-03  2.16470588e-01  1.65280000e-03  6.98261903e-01  1.65280000e-03  6.96470588e-01 
 1.66280000e-03  2.02352941e-01  1.66280000e-03  7.02253447e-01  1.66280000e-03  7.01176471e-01 
 1.67280000e-03  1.88235294e-01  1.67280000e-03  7.05785705e-01  1.67280000e-03  7.05882353e-01 
 1.68280000e-03  1.74117647e-01  1.68280000e-03  7.08948560e-01  1.68280000e-03  7.10588235e-01 
 1.69280000e-03  1.60000000e-01  1.69280000e-03  7.11813189e-01  1.69280000e-03  7.10588235e-01 
 1.70280000e-03  1.50588235e-01  1.70280000e-03  7.14305112e-01  1.70280000e-03  7.15294118e-01 
 1.71280000e-03  1.45882353e-01  1.71280000e-03  7.16236866e-01  1.71280000e-03  7.15294118e-01 
 1.72280000e-03  1.36470588e-01  1.72280000e-03  7.17726356e-01  1.72280000e-03  7.20000000e-01 
 1.73280000e-03  1.36470588e-01  1.73280000e-03  7.18735941e-01  1.73280000e-03  7.20000000e-01 
 1.74280000e-03  1.31764706e-01  1.74280000e-03  7.19238023e-01  1.74280000e-03  7.20000000e-01 
 1.75280000e-03  1.31764706e-01  1.75280000e-03  7.19343770e-01  1.75280000e-03  7.20000000e-01 
 1.76280000e-03  1.31764706e-01  1.76280000e-03  7.19010141e-01  1.76280000e-03  7.20000000e-01 
 1.77280000e-03  1.36470588e-01  1.77280000e-03  7.18205200e-01  1.77280000e-03  7.20000000e-01 
 1.78280000e-03  1.41176471e-01  1.78280000e-03  7.16905759e-01  1.78280000e-03  7.15294118e-01 
 1.79280000e-03  1.50588235e-01  1.79280000e-03  7.15095511e-01  1.79280000e-03  7.15294118e-01 
 1.80280000e-03  1.55294118e-01  1.80280000e-03  7.12894412e-01  1.80280000e-03  7.10588235e-01 
 1.81280000e-03  1.69411765e-01  1.81280000e-03  7.10266232e-01  1.81280000e-03  7.10588235e-01 
 1.82280000e-03  1.78823529e-01  1.82280000e-03  7.07184294e-01  1.82280000e-03  7.05882353e-01 
 1.83280000e-03  1.92941176e-01  1.83280000e-03  7.03760287e-01  1.83280000e-03  7.05882353e-01 
 1.84280000e-03  2.11764706e-01  1.84280000e-03  6.99820535e-01  1.84280000e-03  7.01176471e-01 
 1.85280000e-03  2.25882353e-01  1.85280000e-03  6.95493507e-01  1.85280000e-03  6.96470588e-01 
 1.86280000e-03  2.44705882e-01  1.86280000e-03  6.90880440e-01  1.86280000e-03  6.91764706e-01 
 1.87280000e-03  2.63529412e-01  1.87280000e-03  6.85930186e-01  1.87280000e-03  6.87058824e-01 
 1.88280000e-03  2.87058824e-01  1.88280000e-03  6.80604151e-01  1.88280000e-03  6.82352941e-01 
 1.89280000e-03  3.10588235e-01  1.89280000e-03  6.74873638e-01  1.89280000e-03  6.72941176e-01 
 1.90280000e-03  3.34117647e-01  1.90280000e-03  6.68848598e-01  1.90280000e-03  6.68235294e-01 
 1.91280000e-03  3.57647059e-01  1.91280000e-03  6.62615543e-01  1.91280000e-03  6.63529412e-01 
 1.92280000e-03  3.81176471e-01  1.92280000e-03  6.56242464e-01  1.92280000e-03  6.54117647e-01 
 1.93280000e-03  4.09411765e-01  1.93280000e-03  6.49651855e-01  1.93280000e-03  6.49411765e-01 
 1.94280000e-03  4.37647059e-01  1.94280000e-03  6.42784214e-01  1.94280000e-03  6.44705882e-01 
 1.95280000e-03  4.65882353e-01  1.95280000e-03  6.35725095e-01  1.95280000e-03  6.35294118e-01 
 1.96280000e-03  4.94117647e-01  1.96280000e-03  6.28541685e-01  1.96280000e-03  6.30588235e-01 
 1.97280000e-03  5.22352941e-01  1.97280000e-03  6.21286656e-01  1.97280000e-03  6.21176471e-01 
 1.98280000e-03  5.50588235e-01  1.98280000e-03  6.14001210e-01  1.98280000e-03  6.11764706e-01 
 1.99280000e-03  5.78823529e-01  1.99280000e-03  6.06717487e-01  1.99280000e-03  6.07058824e-01 
 2.00280000e-03  6.11764706e-01  2.00280000e-03  5.99329617e-01  2.00280000e-03  5.97647059e-01 
 2.01280000e-03  6.40000000e-01  2.01280000e-03  5.91886499e-01  2.01280000e-03  5.92941176e-01 
 2.02280000e-03  6.68235294e-01  2.02280000e-03  5.84557204e-01  2.02280000e-03  5.83529412e-01 
 2.03280000e-03  6.96470588e-01  2.03280000e-03  5.77341933e-01  2.03280000e-03  5.78823529e-01 
 2.04280000e-03  7.29411765e-01  2.04280000e-03  5.70109589e-01  2.04280000e-03  5.69411765e-01 
 2.05280000e-03  7.57647059e-01  2.05280000e-03  5.62889159e-01  2.05280000e-03  5.64705882e-01 
 2.06280000e-03  7.81176471e-01  2.06280000e-03  5.55964848e-01  2.06280000e-03  5.55294118e-01 
 2.07280000e-03  8.09411765e-01  2.07280000e-03  5.49294888e-01  2.07280000e-03  5.50588235e-01 
 2.08280000e-03  8.37647059e-01  2.08280000e-03  5.42715062e-01  2.08280000e-03  5.41176471e-01 
 2.09280000e-03  8.61176471e-01  2.09280000e-03  5.36359087e-01  2.09280000e-03  5.36470588e-01 
 2.10280000e-03  8.84705882e-01  2.10280000e-03  5.30330147e-01  2.10280000e-03  5.31764706e-01 
 2.11280000e-03  9.08235294e-01  2.11280000e-03  5.24576477e-01  2.11280000e-03  5.22352941e-01 
 2.12280000e-03  9.31764706e-01  2.12280000e-03  5.19056871e-01  2.12280000e-03  5.17647059e-01 
 2.13280000e-03  9.50588235e-01  2.13280000e-03  5.13869327e-01  2.13280000e-03  5.12941176e-01 
 2.14280000e-03  9.69411765e-01  2.14280000e-03  5.09088887e-01  2.14280000e-03  5.08235294e-01 
 2.15280000e-03  9.88235294e-01  2.15280000e-03  5.04641622e-01  2.15280000e-03  5.03529412e-01 
 2.16280000e-03  1.00235294e+00  2.16280000e-03  5.00599747e-01  2.16280000e-03  4.98823529e-01 
 2.17280000e-03  1.01647059e+00  2.17280000e-03  4.97017997e-01  2.17280000e-03  4.98823529e-01 
 2.18280000e-03  1.03058824e+00  2.18280000e-03  4.93806472e-01  2.18280000e-03  4.94117647e-01 
 2.19280000e-03  1.04470588e+00  2.19280000e-03  4.90893984e-01  2.19280000e-03  4.89411765e-01 
 2.20280000e-03  1.05411765e+00  2.20280000e-03  4.88354998e-01  2.20280000e-03  4.89411765e-01 
 2.21280000e-03  1.05882353e+00  2.21280000e-03  4.86376965e-01  2.21280000e-03  4.84705882e-01 
 2.22280000e-03  1.06823529e+00  2.22280000e-03  4.84841966e-01  2.22280000e-03  4.84705882e-01 
 2.23280000e-03  1.06823529e+00  2.23280000e-03  4.83787630e-01  2.23280000e-03  4.84705882e-01 
 2.24280000e-03  1.07294118e+00  2.24280000e-03  4.83241541e-01  2.24280000e-03  4.84705882e-01 
 2.25280000e-03  1.07294118e+00  2.25280000e-03  4.83092519e-01  2.25280000e-03  4.84705882e-01 
 2.26280000e-03  1.07294118e+00  2.26280000e-03  4.83383594e-01  2.26280000e-03  4.84705882e-01 
 2.27280000e-03  1.06823529e+00  2.27280000e-03  4.84146689e-01  2.27280000e-03  4.84705882e-01 
 2.28280000e-03  1.06352941e+00  2.28280000e-03  4.85404981e-01  2.28280000e-03  4.84705882e-01 
 2.29280000e-03  1.05411765e+00  2.29280000e-03  4.87174764e-01  2.29280000e-03  4.89411765e-01 
 2.30280000e-03  1.04941176e+00  2.30280000e-03  4.89336073e-01  2.30280000e-03  4.89411765e-01 
 2.31280000e-03  1.03529412e+00  2.31280000e-03  4.91925123e-01  2.31280000e-03  4.94117647e-01 
 2.32280000e-03  1.02588235e+00  2.32280000e-03  4.94968585e-01  2.32280000e-03  4.94117647e-01 
 2.33280000e-03  1.01176471e+00  2.33280000e-03  4.98354754e-01  2.33280000e-03  4.98823529e-01 
 2.34280000e-03  9.92941176e-01  2.34280000e-03  5.02257299e-01  2.34280000e-03  5.03529412e-01 
 2.35280000e-03  9.78823529e-01  2.35280000e-03  5.06547738e-01  2.35280000e-03  5.08235294e-01 
 2.36280000e-03  9.60000000e-01  2.36280000e-03  5.11124827e-01  2.36280000e-03  5.12941176e-01 
 2.37280000e-03  9.41176471e-01  2.37280000e-03  5.16039701e-01  2.37280000e-03  5.17647059e-01 
 2.38280000e-03  9.17647059e-01  2.38280000e-03  5.21330944e-01  2.38280000e-03  5.22352941e-01 
 2.39280000e-03  8.94117647e-01  2.39280000e-03  5.27027244e-01  2.39280000e-03  5.27058824e-01 
 2.40280000e-03  8.70588235e-01  2.40280000e-03  5.33018642e-01  2.40280000e-03  5.31764706e-01 
 2.41280000e-03  8.47058824e-01  2.41280000e-03  5.39218614e-01  2.41280000e-03  5.41176471e-01 
 2.42280000e-03  8.23529412e-01  2.42280000e-03  5.45559161e-01  2.42280000e-03  5.45882353e-01 
 2.43280000e-03  7.95294118e-01  2.43280000e-03  5.52117778e-01  2.43280000e-03  5.50588235e-01 
 2.44280000e-03  7.67058824e-01  2.44280000e-03  5.58953961e-01  2.44280000e-03  5.60000000e-01 
 2.45280000e-03  7.38823529e-01  2.45280000e-03  5.65982145e-01  2.45280000e-03  5.64705882e-01 
 2.46280000e-03  7.10588235e-01  2.46280000e-03  5.73135135e-01  2.46280000e-03  5.74117647e-01 
 2.47280000e-03  6.82352941e-01  2.47280000e-03  5.80360250e-01  2.47280000e-03  5.78823529e-01 
 2.48280000e-03  6.54117647e-01  2.48280000e-03  5.87616280e-01  2.48280000e-03  5.88235294e-01 
 2.49280000e-03  6.25882353e-01  2.49280000e-03  5.94871077e-01  2.49280000e-03  5.92941176e-01 
 2.50280000e-03  5.92941176e-01  2.50280000e-03  6.02230503e-01  2.50280000e-03  6.02352941e-01 
 2.51280000e-03  5.64705882e-01  2.51280000e-03  6.09645649e-01  2.51280000e-03  6.11764706e-01 
 2.52280000e-03  5.36470588e-01  2.52280000e-03  6.16947438e-01  2.52280000e-03  6.16470588e-01 
 2.53280000e-03  5.08235294e-01  2.53280000e-03  6.24135661e-01  2.53280000e-03  6.25882353e-01 
 2.54280000e-03  4.75294118e-01  2.54280000e-03  6.31341407e-01  2.54280000e-03  6.30588235e-01 
 2.55280000e-03  4.47058824e-01  2.55280000e-03  6.38535682e-01  2.55280000e-03  6.40000000e-01 
 2.56280000e-03  4.23529412e-01  2.56280000e-03  6.45434273e-01  2.56280000e-03  6.44705882e-01 
 2.57280000e-03  3.95294118e-01  2.57280000e-03  6.52078941e-01  2.57280000e-03  6.54117647e-01 
 2.58280000e-03  3.67058824e-01  2.58280000e-03  6.58633897e-01  2.58280000e-03  6.58823529e-01 
 2.59280000e-03  3.43529412e-01  2.59280000e-03  6.64965415e-01  2.59280000e-03  6.63529412e-01 
 2.60280000e-03  3.20000000e-01  2.60280000e-03  6.70970305e-01  2.60280000e-03  6.72941176e-01 
 2.61280000e-03  2.96470588e-01  2.61280000e-03  6.76700326e-01  2.61280000e-03  6.77647059e-01 
 2.62280000e-03  2.72941176e-01  2.62280000e-03  6.82196676e-01  2.62280000e-03  6.82352941e-01 
 2.63280000e-03  2.54117647e-01  2.63280000e-03  6.87361351e-01  2.63280000e-03  6.87058824e-01 
 2.64280000e-03  2.35294118e-01  2.64280000e-03  6.92119303e-01  2.64280000e-03  6.91764706e-01 
 2.65280000e-03  2.16470588e-01  2.65280000e-03  6.96544454e-01  2.65280000e-03  6.96470588e-01 
 2.66280000e-03  2.02352941e-01  2.66280000e-03  7.00564583e-01  2.66280000e-03  7.01176471e-01 
 2.67280000e-03  1.88235294e-01  2.67280000e-03  7.04124949e-01  2.67280000e-03  7.05882353e-01 
 2.68280000e-03  1.74117647e-01  2.68280000e-03  7.07315446e-01  2.68280000e-03  7.05882353e-01 
 2.69280000e-03  1.60000000e-01  2.69280000e-03  7.10207256e-01  2.69280000e-03  7.10588235e-01 
 2.70280000e-03  1.50588235e-01  2.70280000e-03  7.12725908e-01  2.70280000e-03  7.10588235e-01 
 2.71280000e-03  1.45882353e-01  2.71280000e-03  7.14683946e-01  2.71280000e-03  7.15294118e-01 
 2.72280000e-03  1.36470588e-01  2.72280000e-03  7.16199283e-01  2.72280000e-03  7.15294118e-01 
 2.73280000e-03  1.36470588e-01  2.73280000e-03  7.17234283e-01  2.73280000e-03  7.15294118e-01 
 2.74280000e-03  1.31764706e-01  2.74280000e-03  7.17761359e-01  2.74280000e-03  7.20000000e-01 
 2.75280000e-03  1.31764706e-01  2.75280000e-03  7.17891683e-01  2.75280000e-03  7.20000000e-01 
 2.76280000e-03  1.31764706e-01  2.76280000e-03  7.17582222e-01  2.76280000e-03  7.15294118e-01 
 2.77280000e-03  1.36470588e-01  2.77280000e-03  7.16801047e-01  2.77280000e-03  7.15294118e-01 
 2.78280000e-03  1.41176471e-01  2.78280000e-03  7.15524977e-01  2.78280000e-03  7.15294118e-01 
 2.79280000e-03  1.50588235e-01  2.79280000e-03  7.13737710e-01  2.79280000e-03  7.15294118e-01 
 2.80280000e-03  1.55294118e-01  2.80280000e-03  7.11559209e-01  2.80280000e-03  7.10588235e-01 
 2.81280000e-03  1.69411765e-01  2.81280000e-03  7.08953253e-01  2.81280000e-03  7.10588235e-01 
 2.82280000e-03  1.78823529e-01  2.82280000e-03  7.05893167e-01  2.82280000e-03  7.05882353e-01 
 2.83280000e-03  1.92941176e-01  2.83280000e-03  7.02490650e-01  2.83280000e-03  7.01176471e-01 
 2.84280000e-03  2.11764706e-01  2.84280000e-03  6.98572029e-01  2.84280000e-03  6.96470588e-01 
 2.85280000e-03  2.25882353e-01  2.85280000e-03  6.94265781e-01  2.85280000e-03  6.96470588e-01 
 2.86280000e-03  2.44705882e-01  2.86280000e-03  6.89673148e-01  2.86280000e-03  6.91764706e-01 
 2.87280000e-03  2.63529412e-01  2.87280000e-03  6.84742988e-01  2.87280000e-03  6.87058824e-01 
 2.88280000e-03  2.87058824e-01  2.88280000e-03  6.79436712e-01  2.88280000e-03  6.77647059e-01 
 2.89280000e-03  3.10588235e-01  2.89280000e-03  6.73725630e-01  2.89280000e-03  6.72941176e-01 
 2.90280000e-03  3.34117647e-01  2.90280000e-03  6.67719697e-01  2.90280000e-03  6.68235294e-01 
 2.91280000e-03  3.57647059e-01  2.91280000e-03  6.61505431e-01  2.91280000e-03  6.63529412e-01 
 2.92280000e-03  3.81176471e-01  2.92280000e-03  6.55150828e-01  2.92280000e-03  6.54117647e-01 
 2.93280000e-03  4.09411765e-01  2.93280000e-03  6.48578389e-01  2.93280000e-03  6.49411765e-01 
 2.94280000e-03  4.37647059e-01  2.94280000e-03  6.41728614e-01  2.94280000e-03  6.40000000e-01 
 2.95280000e-03  4.65882353e-01  2.95280000e-03  6.34687064e-01  2.95280000e-03  6.35294118e-01 
 2.96280000e-03  4.94117647e-01  2.96280000e-03  6.27520931e-01  2.96280000e-03  6.25882353e-01 
 2.97280000e-03  5.22352941e-01  2.97280000e-03  6.20282892e-01  2.97280000e-03  6.21176471e-01 
 2.98280000e-03  5.50588235e-01  2.98280000e-03  6.13014152e-01  2.98280000e-03  6.11764706e-01 
 2.99280000e-03  5.78823529e-01  2.99280000e-03  6.05746857e-01  2.99280000e-03  6.07058824e-01 
 3.00280000e-03  6.11764706e-01  3.00280000e-03  5.98375142e-01  3.00280000e-03  5.97647059e-01 
 3.01280000e-03  6.40000000e-01  3.01280000e-03  5.90947910e-01  3.01280000e-03  5.92941176e-01 
 3.02280000e-03  6.68235294e-01  3.02280000e-03  5.83634237e-01  3.02280000e-03  5.83529412e-01 
 3.03280000e-03  6.96470588e-01  3.03280000e-03  5.76434327e-01  3.03280000e-03  5.74117647e-01 
 3.04280000e-03  7.29411765e-01  3.04280000e-03  5.69217090e-01  3.04280000e-03  5.69411765e-01 
 3.05280000e-03  7.57647059e-01  3.05280000e-03  5.62011514e-01  3.05280000e-03  5.60000000e-01 
 3.06280000e-03  7.81176471e-01  3.06280000e-03  5.55101811e-01  3.06280000e-03  5.55294118e-01 
 3.07280000e-03  8.09411765e-01  3.07280000e-03  5.48446215e-01  3.07280000e-03  5.50588235e-01 
 3.08280000e-03  8.37647059e-01  3.08280000e-03  5.41880514e-01  3.08280000e-03  5.41176471e-01 
 3.09280000e-03  8.61176471e-01  3.09280000e-03  5.35538428e-01  3.09280000e-03  5.36470588e-01 
 3.10280000e-03  8.84705882e-01  3.10280000e-03  5.29523147e-01  3.10280000e-03  5.31764706e-01 
 3.11280000e-03  9.08235294e-01  3.11280000e-03  5.23782909e-01  3.11280000e-03  5.22352941e-01 
 3.12280000e-03  9.31764706e-01  3.12280000e-03  5.18276510e-01  3.12280000e-03  5.17647059e-01 
 3.13280000e-03  9.50588235e-01  3.13280000e-03  5.13101955e-01  3.13280000e-03  5.12941176e-01 
 3.14280000e-03  9.69411765e-01  3.14280000e-03  5.08334287e-01  3.14280000e-03  5.08235294e-01 
 3.15280000e-03  9.88235294e-01  3.15280000e-03  5.03899582e-01  3.15280000e-03  5.03529412e-01 
 3.16280000e-03  1.00235294e+00  3.16280000e-03  4.99870057e-01  3.16280000e-03  4.98823529e-01 
 3.17280000e-03  1.01647059e+00  3.17280000e-03  4.96300451e-01  3.17280000e-03  4.94117647e-01 
 3.18280000e-03  1.03058824e+00  3.18280000e-03  4.93100869e-01  3.18280000e-03  4.94117647e-01 
 3.19280000e-03  1.04470588e+00  3.19280000e-03  4.90200126e-01  3.19280000e-03  4.89411765e-01 
 3.20280000e-03  1.05411765e+00  3.20280000e-03  4.87672688e-01  3.20280000e-03  4.89411765e-01 
 3.21280000e-03  1.05882353e+00  3.21280000e-03  4.85706011e-01  3.21280000e-03  4.84705882e-01 
 3.22280000e-03  1.06823529e+00  3.22280000e-03  4.84182179e-01  3.22280000e-03  4.84705882e-01 
 3.23280000e-03  1.06823529e+00  3.23280000e-03  4.83138824e-01  3.23280000e-03  4.84705882e-01 
 3.24280000e-03  1.07294118e+00  3.24280000e-03  4.82603533e-01  3.24280000e-03  4.84705882e-01 
 3.25280000e-03  1.07294118e+00  3.25280000e-03  4.82465131e-01  3.25280000e-03  4.84705882e-01 
 3.26280000e-03  1.07294118e+00  3.26280000e-03  4.82766648e-01  3.26280000e-03  4.84705882e-01 
 3.27280000e-03  1.06823529e+00  3.27280000e-03  4.83540011e-01  3.27280000e-03  4.84705882e-01 
 3.28280000e-03  1.06352941e+00  3.28280000e-03  4.84808400e-01  3.28280000e-03  4.84705882e-01 
 3.29280000e-03  1.05411765e+00  3.29280000e-03  4.86588113e-01  3.29280000e-03  4.84705882e-01 
 3.30280000e-03  1.04941176e+00  3.30280000e-03  4.88759186e-01  3.30280000e-03  4.89411765e-01 
 3.31280000e-03  1.03529412e+00  3.31280000e-03  4.91357838e-01  3.31280000e-03  4.89411765e-01 
 3.32280000e-03  1.02588235e+00  3.32280000e-03  4.94410741e-01  3.32280000e-03  4.94117647e-01 
 3.33280000e-03  1.01176471e+00  3.33280000e-03  4.97806195e-01  3.33280000e-03  4.98823529e-01 
 3.34280000e-03  9.92941176e-01  3.34280000e-03  5.01717870e-01  3.34280000e-03  5.03529412e-01 
 3.35280000e-03  9.78823529e-01  3.35280000e-03  5.06017287e-01  3.35280000e-03  5.08235294e-01 
 3.36280000e-03  9.60000000e-01  3.36280000e-03  5.10603204e-01  3.36280000e-03  5.12941176e-01 
 3.37280000e-03  9.41176471e-01  3.37280000e-03  5.15526760e-01  3.37280000e-03  5.17647059e-01 
 3.38280000e-03  9.17647059e-01  3.38280000e-03  5.20826541e-01  3.38280000e-03  5.22352941e-01 
 3.39280000e-03  8.94117647e-01  3.39280000e-03  5.26531236e-01  3.39280000e-03  5.27058824e-01 
 3.40280000e-03  8.70588235e-01  3.40280000e-03  5.32530889e-01  3.40280000e-03  5.31764706e-01 
 3.41280000e-03  8.47058824e-01  3.41280000e-03  5.38738979e-01  3.41280000e-03  5.36470588e-01 
 3.42280000e-03  8.23529412e-01  3.42280000e-03  5.45087509e-01  3.42280000e-03  5.45882353e-01 
 3.43280000e-03  7.95294118e-01  3.43280000e-03  5.51653977e-01  3.43280000e-03  5.50588235e-01 
 3.44280000e-03  7.67058824e-01  3.44280000e-03  5.58497879e-01  3.44280000e-03  5.60000000e-01 
 3.45280000e-03  7.38823529e-01  3.45280000e-03  5.65533654e-01  3.45280000e-03  5.64705882e-01 
 3.46280000e-03  7.10588235e-01  3.46280000e-03  5.72694108e-01  3.46280000e-03  5.74117647e-01 
 3.47280000e-03  6.82352941e-01  3.47280000e-03  5.79926563e-01  3.47280000e-03  5.78823529e-01 
 3.48280000e-03  6.54117647e-01  3.48280000e-03  5.87189812e-01  3.48280000e-03  5.88235294e-01 
 3.49280000e-03  6.25882353e-01  3.49280000e-03  5.94451707e-01  3.49280000e-03  5.92941176e-01 
 3.50280000e-03  5.92941176e-01  3.50280000e-03  6.01818112e-01  3.50280000e-03  6.02352941e-01 
 3.51280000e-03  5.64705882e-01  3.51280000e-03  6.09240122e-01  3.51280000e-03  6.07058824e-01 
 3.52280000e-03  5.36470588e-01  3.52280000e-03  6.16548661e-01  3.52280000e-03  6.16470588e-01 
 3.53280000e-03  5.08235294e-01  3.53280000e-03  6.23743522e-01  3.53280000e-03  6.25882353e-01 
 3.54280000e-03  4.75294118e-01  3.54280000e-03  6.30955794e-01  3.54280000e-03  6.30588235e-01 
 3.55280000e-03  4.47058824e-01  3.55280000e-03  6.38156487e-01  3.55280000e-03  6.40000000e-01 
 3.56280000e-03  4.23529412e-01  3.56280000e-03  6.45061389e-01  3.56280000e-03  6.44705882e-01 
 3.57280000e-03  3.95294118e-01  3.57280000e-03  6.51712264e-01  3.57280000e-03  6.49411765e-01 
 3.58280000e-03  3.67058824e-01  3.58280000e-03  6.58273322e-01  3.58280000e-03  6.58823529e-01 
 3.59280000e-03  3.43529412e-01  3.59280000e-03  6.64610842e-01  3.59280000e-03  6.63529412e-01 
 3.60280000e-03  3.20000000e-01  3.60280000e-03  6.70621633e-01  3.60280000e-03  6.72941176e-01 
 3.61280000e-03  2.96470588e-01  3.61280000e-03  6.76357457e-01  3.61280000e-03  6.77647059e-01 
 3.62280000e-03  2.72941176e-01  3.62280000e-03  6.81859514e-01  3.62280000e-03  6.82352941e-01 
 3.63280000e-03  2.54117647e-01  3.63280000e-03  6.87029800e-01  3.63280000e-03  6.87058824e-01 
 3.64280000e-03  2.35294118e-01  3.64280000e-03  6.91793270e-01  3.64280000e-03  6.91764706e-01 
 3.65280000e-03  2.16470588e-01  3.65280000e-03  6.96223848e-01  3.65280000e-03  6.96470588e-01 
 3.66280000e-03  2.02352941e-01  3.66280000e-03  7.00249313e-01  3.66280000e-03  7.01176471e-01 
 3.67280000e-03  1.88235294e-01  3.67280000e-03  7.03814927e-01  3.67280000e-03  7.05882353e-01 
 3.68280000e-03  1.74117647e-01  3.68280000e-03  7.07010584e-01  3.68280000e-03  7.05882353e-01 
 3.69280000e-03  1.60000000e-01  3.69280000e-03  7.09907467e-01  3.69280000e-03  7.10588235e-01 
 3.70280000e-03  1.50588235e-01  3.70280000e-03  7.12431109e-01  3.70280000e-03  7.10588235e-01 
 3.71280000e-03  1.45882353e-01  3.71280000e-03  7.14394054e-01  3.71280000e-03  7.15294118e-01 
 3.72280000e-03  1.36470588e-01  3.72280000e-03  7.15914215e-01  3.72280000e-03  7.15294118e-01 
 3.73280000e-03  1.36470588e-01  3.73280000e-03  7.16953960e-01  3.73280000e-03  7.15294118e-01 
 3.74280000e-03  1.31764706e-01  3.74280000e-03  7.17485701e-01  3.74280000e-03  7.15294118e-01 
 3.75280000e-03  1.31764706e-01  3.75280000e-03  7.17620614e-01  3.75280000e-03  7.15294118e-01 
 3.76280000e-03  1.31764706e-01  3.76280000e-03  7.17315664e-01  3.76280000e-03  7.15294118e-01 
 3.77280000e-03  1.36470588e-01  3.77280000e-03  7.16538926e-01  3.77280000e-03  7.15294118e-01 
 3.78280000e-03  1.41176471e-01  3.78280000e-03  7.15267218e-01  3.78280000e-03  7.15294118e-01 
 3.79280000e-03  1.50588235e-01  3.79280000e-03  7.13484242e-01  3.79280000e-03  7.15294118e-01 
 3.80280000e-03  1.55294118e-01  3.80280000e-03  7.11309960e-01  3.80280000e-03  7.10588235e-01 
 3.81280000e-03  1.69411765e-01  3.81280000e-03  7.08708151e-01  3.81280000e-03  7.10588235e-01 
 3.82280000e-03  1.78823529e-01  3.82280000e-03  7.05652145e-01  3.82280000e-03  7.05882353e-01 
 3.83280000e-03  1.92941176e-01  3.83280000e-03  7.02253639e-01  3.83280000e-03  7.01176471e-01 
 3.84280000e-03  2.11764706e-01  3.84280000e-03  6.98338964e-01  3.84280000e-03  6.96470588e-01 
 3.85280000e-03  2.25882353e-01  3.85280000e-03  6.94036595e-01  3.85280000e-03  6.91764706e-01 
 3.86280000e-03  2.44705882e-01  3.86280000e-03  6.89447776e-01  3.86280000e-03  6.91764706e-01 
 3.87280000e-03  2.63529412e-01  3.87280000e-03  6.84521367e-01  3.87280000e-03  6.82352941e-01 
 3.88280000e-03  2.87058824e-01  3.88280000e-03  6.79218780e-01  3.88280000e-03  6.77647059e-01 
 3.89280000e-03  3.10588235e-01  3.89280000e-03  6.73511325e-01  3.89280000e-03  6.72941176e-01 
 3.90280000e-03  3.34117647e-01  3.90280000e-03  6.67508959e-01  3.90280000e-03  6.68235294e-01 
 3.91280000e-03  3.57647059e-01  3.91280000e-03  6.61298200e-01  3.91280000e-03  6.63529412e-01 
 3.92280000e-03  3.81176471e-01  3.92280000e-03  6.54947047e-01  3.92280000e-03  6.54117647e-01 
 3.93280000e-03  4.09411765e-01  3.93280000e-03  6.48377999e-01  3.93280000e-03  6.49411765e-01 
 3.94280000e-03  4.37647059e-01  3.94280000e-03  6.41531559e-01  3.94280000e-03  6.40000000e-01 
 3.95280000e-03  4.65882353e-01  3.95280000e-03  6.34493289e-01  3.95280000e-03  6.35294118e-01 
 3.96280000e-03  4.94117647e-01  3.96280000e-03  6.27330382e-01  3.96280000e-03  6.25882353e-01 
 3.97280000e-03  5.22352941e-01  3.97280000e-03  6.20095513e-01  3.97280000e-03  6.21176471e-01 
 3.98280000e-03  5.50588235e-01  3.98280000e-03  6.12829892e-01  3.98280000e-03  6.11764706e-01 
 3.99280000e-03  5.78823529e-01  3.99280000e-03  6.05565665e-01  3.99280000e-03  6.07058824e-01 
 4.00280000e-03  6.11764706e-01  4.00280000e-03  5.98196965e-01  4.00280000e-03  5.97647059e-01 
 4.01280000e-03  6.40000000e-01  4.01280000e-03  5.90772699e-01  4.01280000e-03  5.92941176e-01 
 4.02280000e-03  6.68235294e-01  4.02280000e-03  5.83461942e-01  4.02280000e-03  5.83529412e-01 
 4.03280000e-03  6.96470588e-01  4.03280000e-03  5.76264899e-01  4.03280000e-03  5.74117647e-01 
 4.04280000e-03  7.29411765e-01  4.04280000e-03  5.69050482e-01  4.04280000e-03  5.69411765e-01 
 4.05280000e-03  7.57647059e-01  4.05280000e-03  5.61847679e-01  4.05280000e-03  5.60000000e-01 
 4.06280000e-03  7.81176471e-01  4.06280000e-03  5.54940702e-01  4.06280000e-03  5.55294118e-01 
 4.07280000e-03  8.09411765e-01  4.07280000e-03  5.48287788e-01  4.07280000e-03  5.50588235e-01 
 4.08280000e-03  8.37647059e-01  4.08280000e-03  5.41724724e-01  4.08280000e-03  5.41176471e-01 
 4.09280000e-03  8.61176471e-01  4.09280000e-03  5.35385231e-01  4.09280000e-03  5.36470588e-01 
 4.10280000e-03  8.84705882e-01  4.10280000e-03  5.29372500e-01  4.10280000e-03  5.27058824e-01 
 4.11280000e-03  9.08235294e-01  4.11280000e-03  5.23634769e-01  4.11280000e-03  5.22352941e-01 
 4.12280000e-03  9.31764706e-01  4.12280000e-03  5.18130836e-01  4.12280000e-03  5.17647059e-01 
 4.13280000e-03  9.50588235e-01  4.13280000e-03  5.12958705e-01  4.13280000e-03  5.12941176e-01 
 4.14280000e-03  9.69411765e-01  4.14280000e-03  5.08193422e-01  4.14280000e-03  5.08235294e-01 
 4.15280000e-03  9.88235294e-01  4.15280000e-03  5.03761061e-01  4.15280000e-03  5.03529412e-01 
 4.16280000e-03  1.00235294e+00  4.16280000e-03  4.99733841e-01  4.16280000e-03  4.98823529e-01 
 4.17280000e-03  1.01647059e+00  4.17280000e-03  4.96166503e-01  4.17280000e-03  4.94117647e-01 
 4.18280000e-03  1.03058824e+00  4.18280000e-03  4.92969150e-01  4.18280000e-03  4.94117647e-01 
 4.19280000e-03  1.04470588e+00  4.19280000e-03  4.90070599e-01  4.19280000e-03  4.89411765e-01 
 4.20280000e-03  1.05411765e+00  4.20280000e-03  4.87545317e-01  4.20280000e-03  4.89411765e-01 
 4.21280000e-03  1.05882353e+00  4.21280000e-03  4.85580760e-01  4.21280000e-03  4.84705882e-01 
 4.22280000e-03  1.06823529e+00  4.22280000e-03  4.84059012e-01  4.22280000e-03  4.84705882e-01 
 4.23280000e-03  1.06823529e+00  4.23280000e-03  4.83017708e-01  4.23280000e-03  4.84705882e-01 
 4.24280000e-03  1.07294118e+00  4.24280000e-03  4.82484433e-01  4.24280000e-03  4.84705882e-01 
 4.25280000e-03  1.07294118e+00  4.25280000e-03  4.82348013e-01  4.25280000e-03  4.80000000e-01 
 4.26280000e-03  1.07294118e+00  4.26280000e-03  4.82651479e-01  4.26280000e-03  4.84705882e-01 
 4.27280000e-03  1.06823529e+00  4.27280000e-03  4.83426759e-01  4.27280000e-03  4.84705882e-01 
 4.28280000e-03  1.06352941e+00  4.28280000e-03  4.84697033e-01  4.28280000e-03  4.84705882e-01 
 4.29280000e-03  1.05411765e+00  4.29280000e-03  4.86478599e-01  4.29280000e-03  4.84705882e-01 
 4.30280000e-03  1.04941176e+00  4.30280000e-03  4.88651495e-01  4.30280000e-03  4.89411765e-01 
 4.31280000e-03  1.03529412e+00  4.31280000e-03  4.91251940e-01  4.31280000e-03  4.89411765e-01 
 4.32280000e-03  1.02588235e+00  4.32280000e-03  4.94306605e-01  4.32280000e-03  4.94117647e-01 
 4.33280000e-03  1.01176471e+00  4.33280000e-03  4.97703792e-01  4.33280000e-03  4.98823529e-01 
 4.34280000e-03  9.92941176e-01  4.34280000e-03  5.01617171e-01  4.34280000e-03  5.03529412e-01 
 4.35280000e-03  9.78823529e-01  4.35280000e-03  5.05918265e-01  4.35280000e-03  5.08235294e-01 
 4.36280000e-03  9.60000000e-01  4.36280000e-03  5.10505830e-01  4.36280000e-03  5.08235294e-01 
 4.37280000e-03  9.41176471e-01  4.37280000e-03  5.15431007e-01  4.37280000e-03  5.17647059e-01 
 4.38280000e-03  9.17647059e-01  4.38280000e-03  5.20732381e-01  4.38280000e-03  5.22352941e-01 
 4.39280000e-03  8.94117647e-01  4.39280000e-03  5.26438644e-01  4.39280000e-03  5.27058824e-01 
 4.40280000e-03  8.70588235e-01  4.40280000e-03  5.32439838e-01  4.40280000e-03  5.31764706e-01 
 4.41280000e-03  8.47058824e-01  4.41280000e-03  5.38649443e-01  4.41280000e-03  5.36470588e-01 
 4.42280000e-03  8.23529412e-01  4.42280000e-03  5.44999463e-01  4.42280000e-03  5.45882353e-01 
 4.43280000e-03  7.95294118e-01  4.43280000e-03  5.51567396e-01  4.43280000e-03  5.50588235e-01 
 4.44280000e-03  7.67058824e-01  4.44280000e-03  5.58412740e-01  4.44280000e-03  5.60000000e-01 
 4.45280000e-03  7.38823529e-01  4.45280000e-03  5.65449931e-01  4.45280000e-03  5.64705882e-01 
 4.46280000e-03  7.10588235e-01  4.46280000e-03  5.72611779e-01  4.46280000e-03  5.74117647e-01 
 4.47280000e-03  6.82352941e-01  4.47280000e-03  5.79845605e-01  4.47280000e-03  5.78823529e-01 
 4.48280000e-03  6.54117647e-01  4.48280000e-03  5.87110201e-01  4.48280000e-03  5.88235294e-01 
 4.49280000e-03  6.25882353e-01  4.49280000e-03  5.94373421e-01  4.49280000e-03  5.92941176e-01 
 4.50280000e-03  5.92941176e-01  4.50280000e-03  6.01741129e-01  4.50280000e-03  6.02352941e-01 
 4.51280000e-03  5.64705882e-01  4.51280000e-03  6.09164420e-01  4.51280000e-03  6.07058824e-01 
 4.52280000e-03  5.36470588e-01  4.52280000e-03  6.16474219e-01  4.52280000e-03  6.16470588e-01 
 4.53280000e-03  5.08235294e-01  4.53280000e-03  6.23670319e-01  4.53280000e-03  6.25882353e-01 
 4.54280000e-03  4.75294118e-01  4.54280000e-03  6.30883810e-01  4.54280000e-03  6.30588235e-01 
 4.55280000e-03  4.47058824e-01  4.55280000e-03  6.38085700e-01  4.55280000e-03  6.40000000e-01 
 4.56280000e-03  4.23529412e-01  4.56280000e-03  6.44991781e-01  4.56280000e-03  6.44705882e-01 
 4.57280000e-03  3.95294118e-01  4.57280000e-03  6.51643814e-01  4.57280000e-03  6.49411765e-01 
 4.58280000e-03  3.67058824e-01  4.58280000e-03  6.58206011e-01  4.58280000e-03  6.58823529e-01 
 4.59280000e-03  3.43529412e-01  4.59280000e-03  6.64544652e-01  4.59280000e-03  6.63529412e-01 
 4.60280000e-03  3.20000000e-01  4.60280000e-03  6.70556545e-01  4.60280000e-03  6.68235294e-01 
 4.61280000e-03  2.96470588e-01  4.61280000e-03  6.76293451e-01  4.61280000e-03  6.77647059e-01 
 4.62280000e-03  2.72941176e-01  4.62280000e-03  6.81796574e-01  4.62280000e-03  6.82352941e-01 
 4.63280000e-03  2.54117647e-01  4.63280000e-03  6.86967908e-01  4.63280000e-03  6.87058824e-01 
 4.64280000e-03  2.35294118e-01  4.64280000e-03  6.91732408e-01  4.64280000e-03  6.91764706e-01 
 4.65280000e-03  2.16470588e-01  4.65280000e-03  6.96163998e-01  4.65280000e-03  6.96470588e-01 
 4.66280000e-03  2.02352941e-01  4.66280000e-03  7.00190460e-01  4.66280000e-03  7.01176471e-01 
 4.67280000e-03  1.88235294e-01  4.67280000e-03  7.03757053e-01  4.67280000e-03  7.05882353e-01 
 4.68280000e-03  1.74117647e-01  4.68280000e-03  7.06953673e-01  4.68280000e-03  7.05882353e-01 
 4.69280000e-03  1.60000000e-01  4.69280000e-03  7.09851504e-01  4.69280000e-03  7.10588235e-01 
 4.70280000e-03  1.50588235e-01  4.70280000e-03  7.12376077e-01  4.70280000e-03  7.10588235e-01 
 4.71280000e-03  1.45882353e-01  4.71280000e-03  7.14339938e-01  4.71280000e-03  7.15294118e-01 
 4.72280000e-03  1.36470588e-01  4.72280000e-03  7.15861000e-01  4.72280000e-03  7.15294118e-01 
 4.73280000e-03  1.36470588e-01  4.73280000e-03  7.16901631e-01  4.73280000e-03  7.15294118e-01 
 4.74280000e-03  1.31764706e-01  4.74280000e-03  7.17434243e-01  4.74280000e-03  7.15294118e-01 
 4.75280000e-03  1.31764706e-01  4.75280000e-03  7.17570012e-01  4.75280000e-03  7.15294118e-01 
 4.76280000e-03  1.31764706e-01  4.76280000e-03  7.17265905e-01  4.76280000e-03  7.15294118e-01 
 4.77280000e-03  1.36470588e-01  4.77280000e-03  7.16489994e-01  4.77280000e-03  7.15294118e-01 
 4.78280000e-03  1.41176471e-01  4.78280000e-03  7.15219101e-01  4.78280000e-03  7.15294118e-01 
 4.79280000e-03  1.50588235e-01  4.79280000e-03  7.13436926e-01  4.79280000e-03  7.15294118e-01 
 4.80280000e-03  1.55294118e-01  4.80280000e-03  7.11263431e-01  4.80280000e-03  7.10588235e-01 
 4.81280000e-03  1.69411765e-01  4.81280000e-03  7.08662397e-01  4.81280000e-03  7.10588235e-01 
 4.82280000e-03  1.78823529e-01  4.82280000e-03  7.05607152e-01  4.82280000e-03  7.05882353e-01 
 4.83280000e-03  1.92941176e-01  4.83280000e-03  7.02209395e-01  4.83280000e-03  7.01176471e-01 
 4.84280000e-03  2.11764706e-01  4.84280000e-03  6.98295456e-01  4.84280000e-03  6.96470588e-01 
 4.85280000e-03  2.25882353e-01  4.85280000e-03  6.93993811e-01  4.85280000e-03  6.91764706e-01 
 4.86280000e-03  2.44705882e-01  4.86280000e-03  6.89405705e-01  4.86280000e-03  6.87058824e-01 
 4.87280000e-03  2.63529412e-01  4.87280000e-03  6.84479995e-01  4.87280000e-03  6.82352941e-01 
 4.88280000e-03  2.87058824e-01  4.88280000e-03  6.79178097e-01  4.88280000e-03  6.77647059e-01 
 4.89280000e-03  3.10588235e-01  4.89280000e-03  6.73471320e-01  4.89280000e-03  6.72941176e-01 
 4.90280000e-03  3.34117647e-01  4.90280000e-03  6.67469619e-01  4.90280000e-03  6.68235294e-01 
 4.91280000e-03  3.57647059e-01  4.91280000e-03  6.61259515e-01  4.91280000e-03  6.63529412e-01 
 4.92280000e-03  3.81176471e-01  4.92280000e-03  6.54909005e-01  4.92280000e-03  6.54117647e-01 
 4.93280000e-03  4.09411765e-01  4.93280000e-03  6.48340591e-01  4.93280000e-03  6.49411765e-01 
 4.94280000e-03  4.37647059e-01  4.94280000e-03  6.41494774e-01  4.94280000e-03  6.40000000e-01 
 4.95280000e-03  4.65882353e-01  4.95280000e-03  6.34457116e-01  4.95280000e-03  6.35294118e-01 
 4.96280000e-03  4.94117647e-01  4.96280000e-03  6.27294811e-01  4.96280000e-03  6.25882353e-01 
 4.97280000e-03  5.22352941e-01  4.97280000e-03  6.20060534e-01  4.97280000e-03  6.21176471e-01 
 4.98280000e-03  5.50588235e-01  4.98280000e-03  6.12795495e-01  4.98280000e-03  6.11764706e-01 
 4.99280000e-03  5.78823529e-01  4.99280000e-03  6.05531840e-01  4.99280000e-03  6.07058824e-01 
 5.00000000e-03  6.02352941e-01  5.00000000e-03  6.00250452e-01  5.00000000e-03  6.02352941e-01 
