0 2.19266E-08
1 0.00455357
2 0.00916591
3 0.01375
4 0.0183892
5 0.0229684
6 0.0276167
7 0.0322257
8 0.0368635
9 0.0414403
10 0.0460812
11 0.0506883
12 0.0553766
13 0.0599783
14 0.0646544
15 0.0692856
16 0.0738838
17 0.0784596
18 0.0830969
19 0.0877031
20 0.0923777
21 0.0969789
22 0.101652
23 0.106283
24 0.110997
25 0.115595
26 0.120261
27 0.124889
28 0.129612
29 0.134235
30 0.138935
31 0.143587
32 0.148086
33 0.152662
34 0.157298
35 0.161904
36 0.166572
37 0.171174
38 0.175845
39 0.180476
40 0.185165
41 0.189763
42 0.194427
43 0.199056
44 0.203773
45 0.208397
46 0.213096
47 0.217749
48 0.222482
49 0.227079
50 0.23174
51 0.236367
52 0.24107
53 0.245692
54 0.250388
55 0.25504
56 0.259804
57 0.264423
58 0.269111
59 0.27376
60 0.278511
61 0.283155
62 0.287878
63 0.292551
64 0.2969
65 0.301477
66 0.306114
67 0.310722
68 0.315389
69 0.319992
70 0.324665
71 0.329298
72 0.333975
73 0.338575
74 0.34324
75 0.347871
76 0.352587
77 0.357212
78 0.361913
79 0.366568
80 0.371252
81 0.375851
82 0.380513
83 0.385142
84 0.389844
85 0.394468
86 0.399166
87 0.40382
88 0.408573
89 0.413195
90 0.417884
91 0.422536
92 0.427286
93 0.431932
94 0.436656
95 0.441332
96 0.446103
97 0.450701
98 0.455361
99 0.45999
100 0.464685
101 0.469309
102 0.474004
103 0.478658
104 0.483385
105 0.488006
106 0.492694
107 0.497346
108 0.502089
109 0.506735
110 0.511458
111 0.516134
112 0.520952
113 0.525571
114 0.530255
115 0.534905
116 0.539634
117 0.544279
118 0.548998
119 0.553673
120 0.558475
121 0.563116
122 0.567827
123 0.572499
124 0.577276
125 0.581942
126 0.586688
127 0.591384
128 0.59599
129 0.600574
130 0.605218
131 0.609833
132 0.614506
133 0.619116
134 0.623795
135 0.628435
136 0.633114
137 0.637722
138 0.642394
139 0.647032
140 0.651754
141 0.656387
142 0.661094
143 0.665757
144 0.670427
145 0.675033
146 0.679702
147 0.684339
148 0.689047
149 0.693678
150 0.698383
151 0.703044
152 0.7078
153 0.712429
154 0.717125
155 0.721784
156 0.726541
157 0.731194
158 0.735926
159 0.740609
160 0.745304
161 0.74991
162 0.754577
163 0.759213
164 0.763914
165 0.768546
166 0.773249
167 0.77791
168 0.782639
169 0.787268
170 0.791963
171 0.796622
172 0.801372
173 0.806026
174 0.810756
175 0.815439
176 0.820244
177 0.824871
178 0.829562
179 0.83422
180 0.838955
181 0.843608
182 0.848334
183 0.853017
184 0.857821
185 0.86247
186 0.867189
187 0.871868
188 0.876652
189 0.881326
190 0.886079
191 0.890782
192 0.89582
193 0.900427
194 0.905093
195 0.909731
196 0.91443
197 0.919062
198 0.923765
199 0.928427
200 0.933144
201 0.937774
202 0.942469
203 0.947129
204 0.951877
205 0.956532
206 0.961263
207 0.965947
208 0.970702
209 0.97533
210 0.980021
211 0.98468
212 0.989414
213 0.994067
214 0.998795
215 1.00348
216 1.00827
217 1.01292
218 1.01764
219 1.02232
220 1.0271
221 1.03178
222 1.03653
223 1.04124
224 1.0462
225 1.05083
226 1.05552
227 1.06018
228 1.0649
229 1.06956
230 1.07428
231 1.07896
232 1.08373
233 1.08838
234 1.0931
235 1.09778
236 1.10255
237 1.10723
238 1.11198
239 1.11668
240 1.12157
241 1.12622
242 1.13093
243 1.13561
244 1.14037
245 1.14505
246 1.14979
247 1.1545
248 1.15934
249 1.16401
250 1.16875
251 1.17345
252 1.17826
253 1.18295
254 1.18773
255 1.19245
